# Predicción de incendios forestales
# =================================
# Archivo: Huamuchil_4band.tiff
# Dimensiones: 276 x 299 píxeles
# Píxeles con incendio: 53 (0.06%)
# Umbral usado: 0.1
# Tamaño de patch: 128
# =================================
# Formato: fila columna valor (1=incendio, 0=no incendio)

0 146 1
37 96 1
44 148 1
45 148 1
60 100 1
61 100 1
99 96 1
101 96 1
113 148 1
117 148 1
137 148 1
141 148 1
153 4 1
165 96 1
169 96 1
169 148 1
173 148 1
176 148 1
180 96 1
180 148 1
181 148 1
184 96 1
184 148 1
185 96 1
185 148 1
188 96 1
189 96 1
196 148 1
197 148 1
200 148 1
201 148 1
204 148 1
205 148 1
208 148 1
209 96 1
209 148 1
212 96 1
213 96 1
216 96 1
217 96 1
220 96 1
224 96 1
228 96 1
228 148 1
232 96 1
232 148 1
244 96 1
248 96 1
252 96 1
264 148 1
268 148 1
272 148 1
276 148 1

# Estadísticas:
# Total incendio: 53 píxeles
# Porcentaje: 0.0642%
