Epoch,IOU_Train,IOU_Val
0,0.5120,0.5322
1,0.5502,0.5557
2,0.5635,0.5576
3,0.5708,0.5355
4,0.5795,0.5381
5,0.5828,0.5272
6,0.5877,0.5564
7,0.5914,0.5497
8,0.5967,0.5291
9,0.6005,0.3698
10,0.6045,0.5497
11,0.6081,0.5447
12,0.6134,0.4498
13,0.6144,0.4664
14,0.6194,0.4399
15,0.6226,0.5161
16,0.6265,0.4862
17,0.6275,0.3598
18,0.6303,0.5281
19,0.6348,0.4718
20,0.6381,0.4533
21,0.6376,0.4007
22,0.6431,0.4466
23,0.6439,0.3906
24,0.6489,0.4226
25,0.6510,0.3642
26,0.6528,0.2550
27,0.6541,0.3663
28,0.6573,0.2760
29,0.6611,0.2359
30,0.6626,0.5249
31,0.6629,0.4115
32,0.6660,0.4784
33,0.6684,0.4147
34,0.6694,0.4925
35,0.6725,0.4215
36,0.6749,0.5196
37,0.6756,0.4234
38,0.6767,0.4746
39,0.6794,0.3344
40,0.6800,0.5219
41,0.6818,0.3863
42,0.6836,0.3649
43,0.6848,0.4491
44,0.6866,0.3838
45,0.6875,0.5196
46,0.6887,0.4146
47,0.6902,0.5214
48,0.6933,0.4794
49,0.6911,0.3711
50,0.6948,0.3785
51,0.6944,0.4442
52,0.6963,0.4679
53,0.6970,0.4573
54,0.6988,0.4762
55,0.6990,0.4726
56,0.7008,0.3335
57,0.7010,0.2378
58,0.7021,0.3092
59,0.7037,0.4880
60,0.7051,0.4993
61,0.7054,0.4683
62,0.7069,0.4512
63,0.7079,0.2610
64,0.7084,0.4934
65,0.7091,0.4044
66,0.7110,0.3550
67,0.7117,0.4931
68,0.7125,0.4965
69,0.7145,0.5023
70,0.7152,0.4312
71,0.7155,0.4432
72,0.7169,0.4478
73,0.7176,0.4649
74,0.7179,0.4354
75,0.7205,0.2632
76,0.7213,0.4626
77,0.7219,0.4603
78,0.7223,0.3415
79,0.7236,0.4239
80,0.7238,0.3757
81,0.7267,0.2394
82,0.7263,0.2359
83,0.7272,0.3660
84,0.7283,0.3987
85,0.7292,0.3205
86,0.7303,0.4849
87,0.7312,0.2720
88,0.7316,0.4677
89,0.7334,0.2201
90,0.7327,0.5184
91,0.7354,0.3841
92,0.7353,0.4488
93,0.7370,0.5513
94,0.7381,0.4817
95,0.7382,0.4851
96,0.7402,0.3944
97,0.7406,0.2257
98,0.7418,0.3823
99,0.7428,0.4099
100,0.7440,0.4775
101,0.7451,0.4638
102,0.7457,0.3799
103,0.7473,0.3085
104,0.7474,0.4127
105,0.7480,0.3179
106,0.7494,0.4829
107,0.7502,0.5423
108,0.7512,0.3101
109,0.7529,0.4034
110,0.7531,0.4454
111,0.7541,0.4289
112,0.7555,0.3783
113,0.7551,0.4003
114,0.7573,0.4430
115,0.7572,0.3260
116,0.7586,0.3310
117,0.7594,0.5009
118,0.7605,0.4178
119,0.7611,0.3485
120,0.7631,0.4597
121,0.7629,0.4142
122,0.7633,0.2167
123,0.7651,0.2260
124,0.7651,0.3043
125,0.7660,0.3192
126,0.7667,0.4769
127,0.7668,0.4204
128,0.7690,0.2989
129,0.7695,0.3584
130,0.7702,0.4317
131,0.7705,0.4121
132,0.7717,0.3897
133,0.7722,0.4361
134,0.7731,0.3231
135,0.7740,0.3908
136,0.7750,0.4609
137,0.7758,0.4187
138,0.7751,0.2928
139,0.7762,0.3049
140,0.7768,0.3773
141,0.7781,0.4310
142,0.7788,0.4830
143,0.7786,0.3518
144,0.7802,0.2551
145,0.7797,0.3793
146,0.7817,0.4244
147,0.7817,0.4415
148,0.7824,0.3849
149,0.7833,0.4430
150,0.7833,0.4793
151,0.7835,0.4837
152,0.7844,0.2291
153,0.7852,0.4366
154,0.7863,0.3860
155,0.7862,0.4640
156,0.7875,0.2787
157,0.7873,0.4416
158,0.7884,0.3426
159,0.7886,0.4384
160,0.7887,0.2655
161,0.7894,0.3832
162,0.7904,0.4097
163,0.7905,0.4172
164,0.7911,0.4112
165,0.7916,0.4002
166,0.7925,0.2753
167,0.7923,0.3032
168,0.7941,0.4132
169,0.7940,0.4356
170,0.7944,0.4556
171,0.7940,0.5065
172,0.7954,0.3331
173,0.7956,0.3985
174,0.7962,0.4746
175,0.7973,0.3559
176,0.7973,0.4678
177,0.7986,0.5435
178,0.7981,0.1697
179,0.7988,0.3930
180,0.7991,0.4600
181,0.7998,0.4788
182,0.8005,0.4794
183,0.7998,0.3850
184,0.8001,0.2795
185,0.8014,0.4482
186,0.8018,0.1072
187,0.8010,0.3762
188,0.8025,0.3897
189,0.8030,0.3868
190,0.8035,0.3410
191,0.8042,0.4252
192,0.8046,0.2306
193,0.8045,0.2880
194,0.8052,0.3807
195,0.8054,0.1901
196,0.8064,0.3972
197,0.8062,0.5181
198,0.8070,0.1636
199,0.8069,0.2367
200,0.8075,0.3709
201,0.8078,0.4036
202,0.8083,0.4679
203,0.8083,0.3573
204,0.8091,0.4621
205,0.8092,0.3787
206,0.8102,0.3601
207,0.8104,0.4669
208,0.8105,0.3460
209,0.8106,0.4215
210,0.8118,0.3371
211,0.8118,0.4060
212,0.8121,0.4108
213,0.8123,0.4976
214,0.8131,0.3509
215,0.8133,0.3883
216,0.8136,0.3704
217,0.8138,0.3758
218,0.8145,0.3881
219,0.8153,0.3924
220,0.8138,0.2926
221,0.8155,0.3834
222,0.8155,0.3265
223,0.8159,0.2287
224,0.8165,0.4861
225,0.8168,0.4261
226,0.8170,0.3789
227,0.8175,0.4247
228,0.8172,0.3252
229,0.8181,0.4540
230,0.8185,0.4617
231,0.8187,0.1535
232,0.8185,0.4025
233,0.8189,0.3791
234,0.8195,0.3661
235,0.8196,0.2984
236,0.8200,0.4890
237,0.8210,0.3851
238,0.8202,0.3117
239,0.8208,0.4815
240,0.8217,0.3409
241,0.8215,0.3462
242,0.8213,0.4196
243,0.8231,0.4980
244,0.8225,0.3812
245,0.8227,0.3332
246,0.8229,0.3415
247,0.8232,0.3963
248,0.8238,0.3408
249,0.8242,0.1571
250,0.8240,0.3117
251,0.8249,0.3527
252,0.8244,0.4483
253,0.8250,0.5236
254,0.8251,0.4193
255,0.8260,0.2830
256,0.8261,0.2265
257,0.8259,0.3846
258,0.8260,0.1815
259,0.8264,0.4447
260,0.8274,0.3751
261,0.8274,0.3066
262,0.8273,0.3865
263,0.8279,0.4105
264,0.8280,0.4043
265,0.8285,0.3846
266,0.8288,0.4652
267,0.8293,0.2877
268,0.8292,0.2225
269,0.8295,0.3410
270,0.8301,0.3333
271,0.8300,0.3025
272,0.8303,0.3807
273,0.8308,0.2292
274,0.8301,0.3295
275,0.8311,0.4523
276,0.8309,0.4473
277,0.8315,0.3809
278,0.8318,0.3280
279,0.8311,0.4174
280,0.8322,0.3013
281,0.8323,0.3000
282,0.8326,0.2620
283,0.8333,0.3713
284,0.8329,0.4139
285,0.8335,0.3885
286,0.8336,0.4089
287,0.8336,0.3239
288,0.8346,0.4599
289,0.8338,0.2829
290,0.8347,0.3393
291,0.8345,0.4393
292,0.8351,0.4213
293,0.8352,0.3288
294,0.8355,0.3189
295,0.8356,0.3118
296,0.8360,0.3940
297,0.8365,0.3794
298,0.8366,0.2467
299,0.8370,0.4759
300,0.8367,0.2453
301,0.8377,0.4062
302,0.8375,0.3861
303,0.8375,0.4246
304,0.8375,0.3020
305,0.8374,0.3865
306,0.8381,0.2420
307,0.8386,0.3620
308,0.8384,0.2800
309,0.8384,0.3664
310,0.8387,0.4407
311,0.8388,0.2499
312,0.8396,0.3780
313,0.8404,0.3940
314,0.8397,0.4124
315,0.8402,0.3322
316,0.8400,0.2720
317,0.8402,0.3277
318,0.8413,0.3483
319,0.8409,0.3127
320,0.8409,0.4235
321,0.8415,0.3144
322,0.8422,0.3224
323,0.8417,0.3609
324,0.8419,0.3616
325,0.8425,0.3007
326,0.8422,0.3395
327,0.8425,0.4113
328,0.8427,0.3997
329,0.8427,0.4219
330,0.8432,0.3207
331,0.8439,0.2545
332,0.8442,0.4036
333,0.8439,0.4160
334,0.8437,0.3689
335,0.8442,0.4901
336,0.8446,0.3687
337,0.8450,0.3914
338,0.8451,0.3548
339,0.8453,0.3630
340,0.8445,0.3297
341,0.8457,0.4592
342,0.8450,0.2274
343,0.8458,0.4839
344,0.8460,0.3745
345,0.8460,0.4005
346,0.8463,0.3610
347,0.8464,0.3470
348,0.8467,0.3449
349,0.8472,0.4185
350,0.8479,0.3499
351,0.8473,0.3938
352,0.8476,0.4363
353,0.8478,0.2266
354,0.8478,0.2100
355,0.8480,0.2900
356,0.8485,0.3188
357,0.8482,0.4000
358,0.8485,0.3806
359,0.8491,0.3358
360,0.8484,0.4734
361,0.8493,0.3798
362,0.8496,0.4008
363,0.8495,0.2954
364,0.8496,0.3095
365,0.8504,0.4186
366,0.8498,0.4172
367,0.8506,0.3115
368,0.8509,0.4885
369,0.8502,0.2944
370,0.8510,0.4502
371,0.8510,0.4465
372,0.8511,0.2681
373,0.8515,0.4159
374,0.8521,0.4216
375,0.8517,0.2895
376,0.8519,0.2655
377,0.8518,0.4287
378,0.8521,0.3080
379,0.8527,0.3562
380,0.8525,0.3379
381,0.8530,0.3330
382,0.8531,0.3365
383,0.8531,0.3610
384,0.8524,0.4515
385,0.8538,0.3784
386,0.8538,0.2400
387,0.8533,0.4462
388,0.8534,0.2880
389,0.8544,0.3452
390,0.8543,0.3405
391,0.8543,0.2692
392,0.8544,0.2841
393,0.8548,0.2584
394,0.8546,0.3058
395,0.8550,0.4269
396,0.8551,0.3454
397,0.8557,0.2984
398,0.8555,0.3785
399,0.8555,0.2666
400,0.8557,0.3343
401,0.8562,0.4270
402,0.8565,0.4363
403,0.8561,0.2625
404,0.8564,0.1973
405,0.8562,0.3452
406,0.8559,0.3827
407,0.8569,0.3122
408,0.8572,0.4767
409,0.8570,0.3614
410,0.8575,0.2883
411,0.8575,0.3877
412,0.8574,0.3903
413,0.8582,0.3132
414,0.8574,0.2886
415,0.8586,0.3873
416,0.8586,0.2451
417,0.8586,0.3432
418,0.8586,0.2039
419,0.8589,0.4372
420,0.8587,0.4185
421,0.8591,0.2782
422,0.8591,0.3312
423,0.8593,0.3726
424,0.8591,0.4769
425,0.8596,0.3374
426,0.8599,0.4279
427,0.8599,0.1986
428,0.8604,0.3740
429,0.8602,0.3919
430,0.8609,0.3523
431,0.8606,0.3412
432,0.8610,0.4442
433,0.8609,0.3718
434,0.8612,0.2321
435,0.8616,0.2953
436,0.8616,0.3741
437,0.8617,0.3403
438,0.8617,0.3073
439,0.8620,0.3358
440,0.8621,0.3695
441,0.8626,0.3439
442,0.8623,0.2948
443,0.8630,0.2317
444,0.8629,0.3895
445,0.8624,0.3789
446,0.8625,0.3566
447,0.8633,0.3118
448,0.8634,0.4081
449,0.8637,0.3943
450,0.8637,0.3188
451,0.8639,0.2621
452,0.8641,0.3471
453,0.8643,0.2852
454,0.8644,0.4095
455,0.8637,0.2469
456,0.8643,0.4265
457,0.8643,0.3436
458,0.8649,0.3092
459,0.8658,0.3810
460,0.8652,0.5134
461,0.8652,0.4121
462,0.8653,0.1709
463,0.8658,0.3206
464,0.8659,0.3128
465,0.8661,0.3944
466,0.8663,0.4166
467,0.8662,0.2388
468,0.8666,0.3523
469,0.8663,0.2521
470,0.8666,0.2908
471,0.8671,0.2169
472,0.8666,0.4559
473,0.8674,0.1757
474,0.8673,0.3429
475,0.8674,0.2422
476,0.8675,0.3519
477,0.8667,0.4471
478,0.8670,0.4172
479,0.8674,0.3770
480,0.8679,0.3872
481,0.8679,0.2726
482,0.8687,0.4406
483,0.8684,0.3447
484,0.8688,0.2925
485,0.8684,0.3235
486,0.8686,0.3603
487,0.8693,0.2428
488,0.8691,0.1725
489,0.8688,0.3560
490,0.8692,0.1473
491,0.8694,0.2985
492,0.8691,0.3597
493,0.8692,0.2538
494,0.8695,0.3252
495,0.8703,0.3965
496,0.8704,0.3059
497,0.8696,0.2120
498,0.8707,0.3571
499,0.8708,0.3514
500,0.8708,0.2566
501,0.8707,0.3186
502,0.8709,0.3922
503,0.8711,0.3459
504,0.8715,0.1962
505,0.8712,0.3173
506,0.8711,0.3216
507,0.8711,0.3117
508,0.8718,0.3535
509,0.8718,0.3613
510,0.8719,0.3046
511,0.8722,0.2922
512,0.8721,0.3147
513,0.8720,0.2837
514,0.8725,0.3268
515,0.8730,0.3365
516,0.8728,0.2865
517,0.8730,0.2684
518,0.8725,0.2576
519,0.8735,0.2736
520,0.8730,0.2321
521,0.8731,0.2946
522,0.8736,0.1967
523,0.8735,0.3897
524,0.8735,0.2929
525,0.8739,0.3533
526,0.8742,0.1453
527,0.8744,0.2191
528,0.8747,0.3025
529,0.8745,0.2024
530,0.8742,0.2552
531,0.8743,0.2680
532,0.8744,0.3314
533,0.8750,0.3453
534,0.8741,0.3581
535,0.8754,0.3060
536,0.8751,0.3716
537,0.8754,0.3284
538,0.8755,0.1835
539,0.8758,0.2810
540,0.8762,0.4513
541,0.8765,0.4180
542,0.8761,0.2465
543,0.8756,0.3489
544,0.8766,0.3854
545,0.8764,0.3158
546,0.8765,0.1616
547,0.8768,0.2348
548,0.8773,0.3823
549,0.8774,0.2902
550,0.8768,0.3392
551,0.8760,0.3825
552,0.8772,0.2661
553,0.8772,0.2227
554,0.8777,0.3540
555,0.8777,0.2059
556,0.8780,0.2865
557,0.8784,0.4298
558,0.8779,0.3236
559,0.8783,0.3084
560,0.8779,0.3046
561,0.8789,0.3204
562,0.8787,0.3117
563,0.8785,0.3279
564,0.8785,0.3309
565,0.8793,0.3923
566,0.8790,0.3350
567,0.8795,0.2563
568,0.8793,0.2748
569,0.8792,0.3219
570,0.8796,0.3533
571,0.8800,0.4099
572,0.8798,0.3415
573,0.8799,0.3435
574,0.8805,0.2292
575,0.8802,0.2661
576,0.8803,0.3081
577,0.8800,0.1683
578,0.8804,0.2906
579,0.8805,0.2764
580,0.8802,0.3177
581,0.8807,0.2695
582,0.8816,0.2213
583,0.8808,0.3440
584,0.8818,0.3967
585,0.8813,0.3307
586,0.8815,0.3523
587,0.8817,0.3555
588,0.8815,0.2851
589,0.8822,0.2076
590,0.8820,0.1703
591,0.8825,0.3192
592,0.8821,0.3467
593,0.8814,0.1783
594,0.8829,0.3430
595,0.8822,0.3373
596,0.8824,0.1246
597,0.8823,0.2174
598,0.8825,0.2513
599,0.8825,0.2220
600,0.8827,0.3158
601,0.8830,0.3186
602,0.8832,0.3794
603,0.8829,0.2401
604,0.8835,0.3123
605,0.8836,0.3245
606,0.8840,0.2867
607,0.8838,0.3876
608,0.8843,0.3047
609,0.8841,0.3082
610,0.8846,0.3788
611,0.8832,0.2244
612,0.8849,0.2787
613,0.8843,0.2510
614,0.8845,0.2987
615,0.8846,0.3224
616,0.8852,0.0896
617,0.8853,0.3640
618,0.8852,0.3952
619,0.8853,0.3436
620,0.8857,0.2888
621,0.8853,0.2727
622,0.8857,0.2257
623,0.8853,0.2987
624,0.8855,0.2377
625,0.8861,0.3931
626,0.8864,0.3692
627,0.8862,0.2413
628,0.8861,0.2179
629,0.8867,0.3088
630,0.8861,0.3873
631,0.8865,0.4071
632,0.8867,0.2203
633,0.8870,0.3599
634,0.8868,0.3599
635,0.8867,0.3529
636,0.8866,0.2211
637,0.8870,0.3309
638,0.8874,0.2945
639,0.8867,0.3101
640,0.8871,0.3740
641,0.8876,0.2496
642,0.8873,0.3058
643,0.8879,0.2825
644,0.8880,0.3330
645,0.8880,0.1017
646,0.8883,0.2100
647,0.8882,0.2422
648,0.8881,0.3322
649,0.8883,0.2414
650,0.8882,0.2373
651,0.8886,0.2042
652,0.8886,0.3357
653,0.8886,0.3354
654,0.8890,0.4525
655,0.8890,0.2798
656,0.8893,0.2432
657,0.8897,0.4373
658,0.8895,0.2303
659,0.8887,0.1729
660,0.8898,0.1332
661,0.8895,0.2664
662,0.8897,0.2680
663,0.8905,0.3846
664,0.8902,0.2858
665,0.8900,0.2845
666,0.8904,0.3261
667,0.8907,0.1874
668,0.8903,0.3548
669,0.8907,0.2321
670,0.8913,0.1409
671,0.8913,0.3400
672,0.8907,0.4244
673,0.8905,0.2930
674,0.8904,0.3736
675,0.8913,0.2719
676,0.8915,0.3478
677,0.8912,0.3165
678,0.8915,0.2359
679,0.8921,0.2474
680,0.8919,0.2868
681,0.8919,0.3701
682,0.8915,0.2395
683,0.8921,0.2999
684,0.8920,0.1553
685,0.8920,0.3216
686,0.8924,0.2649
687,0.8923,0.1143
688,0.8922,0.3045
689,0.8925,0.1868
690,0.8923,0.2846
691,0.8929,0.3918
692,0.8930,0.2839
693,0.8928,0.1059
694,0.8928,0.2642
695,0.8929,0.1847
696,0.8938,0.2515
697,0.8934,0.3543
698,0.8931,0.2492
699,0.8931,0.1744
700,0.8938,0.1318
701,0.8940,0.3648
702,0.8938,0.2371
703,0.8938,0.3096
704,0.8938,0.3746
705,0.8939,0.3139
706,0.8944,0.2081
707,0.8948,0.3108
708,0.8947,0.3042
709,0.8946,0.2781
710,0.8939,0.3330
711,0.8944,0.3152
712,0.8955,0.2323
713,0.8950,0.2439
714,0.8955,0.2737
715,0.8956,0.2854
716,0.8956,0.2323
717,0.8953,0.2412
718,0.8955,0.2689
719,0.8959,0.3672
720,0.8962,0.4007
721,0.8961,0.3454
722,0.8959,0.3107
723,0.8964,0.2756
724,0.8964,0.3317
725,0.8961,0.2192
726,0.8964,0.2062
727,0.8969,0.3307
728,0.8968,0.1831
729,0.8966,0.4043
730,0.8962,0.1876
731,0.8975,0.2793
732,0.8966,0.3231
733,0.8968,0.2981
734,0.8971,0.2803
735,0.8975,0.2417
736,0.8978,0.2382
737,0.8971,0.2600
738,0.8973,0.3506
739,0.8975,0.2269
740,0.8977,0.3398
741,0.8979,0.1993
742,0.8980,0.1537
743,0.8980,0.2499
744,0.8982,0.2169
745,0.8981,0.2106
746,0.8982,0.3655
747,0.8983,0.2224
748,0.8986,0.3018
749,0.8991,0.3454
750,0.8991,0.3107
751,0.8985,0.1714
752,0.8983,0.3265
753,0.8988,0.1219
754,0.8990,0.3354
755,0.8990,0.2195
756,0.8993,0.4075
757,0.8993,0.2013
758,0.8991,0.2367
759,0.8991,0.2916
760,0.8995,0.2982
761,0.8995,0.2158
762,0.8998,0.1901
763,0.9002,0.2668
764,0.8997,0.3476
765,0.8999,0.2720
766,0.9005,0.3868
767,0.9000,0.2543
768,0.9003,0.3111
769,0.9007,0.3019
770,0.9005,0.2585
771,0.9012,0.1111
772,0.9009,0.1531
773,0.9006,0.3622
774,0.9006,0.2486
775,0.9013,0.4297
776,0.9013,0.2721
777,0.9011,0.2862
778,0.9017,0.2546
779,0.9017,0.2243
780,0.9015,0.3496
781,0.9017,0.2823
782,0.9016,0.2762
783,0.9022,0.3241
784,0.9019,0.2722
785,0.9020,0.3358
786,0.9013,0.2839
787,0.9019,0.2709
788,0.9021,0.2845
789,0.9022,0.3093
790,0.9020,0.3751
791,0.9023,0.2484
792,0.9029,0.1650
793,0.9022,0.2676
794,0.9027,0.2797
795,0.9030,0.1996
796,0.9023,0.2279
797,0.9027,0.4190
798,0.9029,0.1910
799,0.9033,0.1684
800,0.9028,0.2543
801,0.9027,0.2817
802,0.9024,0.3374
803,0.9036,0.2120
804,0.9034,0.2693
805,0.9036,0.2218
806,0.9040,0.2898
807,0.9040,0.3058
808,0.9041,0.2375
809,0.9035,0.3279
810,0.9047,0.2666
811,0.9040,0.3567
812,0.9043,0.1916
813,0.9050,0.2432
814,0.9044,0.2659
815,0.9047,0.3892
816,0.9052,0.3047
817,0.9045,0.2416
818,0.9051,0.3387
819,0.9048,0.2159
820,0.9055,0.2227
821,0.9048,0.2329
822,0.9058,0.2348
823,0.9054,0.3393
824,0.9045,0.2465
825,0.9050,0.2474
826,0.9056,0.3058
827,0.9051,0.3375
828,0.9053,0.2322
829,0.9056,0.2731
830,0.9056,0.3215
831,0.9061,0.2905
832,0.9063,0.1674
833,0.9066,0.4581
834,0.9063,0.2584
835,0.9061,0.1687
836,0.9062,0.2996
837,0.9065,0.3272
838,0.9063,0.2961
839,0.9071,0.3240
840,0.9067,0.2002
841,0.9070,0.3114
842,0.9070,0.1626
843,0.9073,0.3345
844,0.9071,0.2788
845,0.9070,0.1804
846,0.9066,0.2178
847,0.9078,0.3411
848,0.9081,0.1490
849,0.9071,0.4392
850,0.9072,0.3088
851,0.9085,0.2497
852,0.9081,0.2409
853,0.9080,0.2632
854,0.9081,0.2802
855,0.9082,0.2702
856,0.9076,0.2133
857,0.9085,0.3808
858,0.9084,0.2272
859,0.9080,0.3498
860,0.9077,0.2451
861,0.9087,0.1579
862,0.9081,0.3194
863,0.9082,0.2699
864,0.9085,0.2758
865,0.9089,0.2148
866,0.9087,0.2751
867,0.9085,0.2787
868,0.9094,0.3412
869,0.9088,0.2919
870,0.9092,0.3978
871,0.9085,0.3504
872,0.9093,0.2648
873,0.9096,0.1313
874,0.9094,0.2992
875,0.9100,0.3302
876,0.9096,0.1805
877,0.9085,0.1903
878,0.9090,0.1602
879,0.9109,0.2387
880,0.9106,0.2537
881,0.9101,0.1979
882,0.9097,0.2288
883,0.9098,0.2834
884,0.9102,0.1517
885,0.9106,0.2161
886,0.9108,0.2688
887,0.9106,0.2180
888,0.9109,0.3020
889,0.9103,0.2627
890,0.9110,0.3243
891,0.9108,0.1604
892,0.9092,0.2908
893,0.9113,0.3542
894,0.9109,0.2877
895,0.9113,0.2892
896,0.9110,0.2333
897,0.9111,0.2198
898,0.9114,0.1768
899,0.9117,0.2884
900,0.9115,0.2931
901,0.9115,0.2806
902,0.9115,0.2435
903,0.9117,0.2590
904,0.9114,0.2163
905,0.9121,0.1355
906,0.9122,0.1889
907,0.9122,0.2685
908,0.9123,0.2602
909,0.9119,0.3135
910,0.9125,0.1855
911,0.9122,0.2826
912,0.9120,0.2620
913,0.9128,0.2570
914,0.9127,0.2484
915,0.9127,0.2752
916,0.9129,0.1148
917,0.9130,0.3116
918,0.9128,0.2315
919,0.9130,0.2505
920,0.9131,0.1953
921,0.9133,0.2533
922,0.9132,0.2344
923,0.9135,0.3757
924,0.9129,0.2973
925,0.9138,0.1988
926,0.9137,0.2711
927,0.9132,0.2625
928,0.9134,0.3093
929,0.9138,0.2805
930,0.9134,0.1994
931,0.9137,0.2735
932,0.9141,0.1936
933,0.9141,0.1950
934,0.9140,0.2019
935,0.9141,0.2828
936,0.9139,0.2416
937,0.9146,0.2745
938,0.9141,0.1961
939,0.9146,0.3937
940,0.9140,0.2389
941,0.9144,0.2382
942,0.9144,0.1153
943,0.9137,0.1693
944,0.9151,0.3280
945,0.9147,0.3025
946,0.9148,0.2144
947,0.9146,0.1884
948,0.9154,0.2439
949,0.9151,0.2835
950,0.9151,0.2734
951,0.9154,0.3190
952,0.9144,0.3589
953,0.9160,0.1667
954,0.9151,0.2606
955,0.9157,0.2438
956,0.9161,0.2649
957,0.9157,0.2923
958,0.9158,0.2313
959,0.9152,0.3093
960,0.9163,0.2544
961,0.9161,0.2713
962,0.9159,0.0797
963,0.9160,0.2330
964,0.9163,0.1596
965,0.9156,0.3048
966,0.9167,0.3100
967,0.9159,0.2299
968,0.9165,0.2382
969,0.9162,0.2268
970,0.9169,0.2675
971,0.9164,0.1951
972,0.9164,0.3552
973,0.9172,0.3461
974,0.9170,0.2163
975,0.9168,0.2893
976,0.9168,0.1690
977,0.9168,0.3039
978,0.9171,0.2955
979,0.9171,0.2128
980,0.9177,0.3167
981,0.9175,0.2026
982,0.9171,0.1639
983,0.9174,0.3277
984,0.9177,0.2561
985,0.9181,0.2871
986,0.9179,0.1772
987,0.9178,0.2240
988,0.9173,0.2227
989,0.9184,0.3682
990,0.9180,0.1921
991,0.9180,0.3877
992,0.9178,0.1956
993,0.9183,0.2026
994,0.9180,0.2774
995,0.9188,0.2789
996,0.9186,0.2725
997,0.9183,0.3302
998,0.9182,0.3980
999,0.9189,0.3159
1000,0.9187,0.2701
1001,0.9190,0.3718
1002,0.9175,0.3379
1003,0.9195,0.2600
1004,0.9185,0.2063
1005,0.9186,0.2055
1006,0.9194,0.4051
1007,0.9194,0.1473
1008,0.9190,0.3099
1009,0.9190,0.3127
1010,0.9192,0.1614
1011,0.9188,0.2857
1012,0.9192,0.2615
1013,0.9198,0.1874
1014,0.9195,0.2672
1015,0.9201,0.1894
1016,0.9196,0.2338
1017,0.9201,0.3297
1018,0.9200,0.1975
1019,0.9199,0.2199
1020,0.9200,0.3039
1021,0.9200,0.3224
1022,0.9196,0.2977
1023,0.9194,0.2886
1024,0.9211,0.2927
1025,0.9202,0.3148
1026,0.9206,0.2989
1027,0.9201,0.3800
1028,0.9206,0.2390
1029,0.9204,0.1755
1030,0.9202,0.2676
1031,0.9205,0.2401
1032,0.9207,0.1978
1033,0.9208,0.1722
1034,0.9207,0.2787
1035,0.9207,0.1685
1036,0.9208,0.2162
1037,0.9211,0.2211
1038,0.9206,0.1424
1039,0.9209,0.2553
1040,0.9217,0.1414
1041,0.9213,0.1248
1042,0.9217,0.2873
1043,0.9211,0.2825
1044,0.9220,0.2104
1045,0.9217,0.3697
1046,0.9210,0.2101
1047,0.9217,0.2315
1048,0.9219,0.2346
1049,0.9218,0.2696
1050,0.9223,0.3386
1051,0.9220,0.2083
1052,0.9223,0.1182
1053,0.9223,0.2374
1054,0.9224,0.3134
1055,0.9223,0.1858
1056,0.9224,0.3589
1057,0.9221,0.3463
1058,0.9225,0.3101
1059,0.9225,0.3177
1060,0.9217,0.2146
1061,0.9225,0.2989
1062,0.9228,0.3594
1063,0.9228,0.3707
1064,0.9228,0.1499
1065,0.9231,0.3131
1066,0.9229,0.1538
1067,0.9235,0.2780
1068,0.9229,0.2474
1069,0.9229,0.3215
1070,0.9235,0.2637
1071,0.9228,0.3150
1072,0.9232,0.2545
1073,0.9233,0.2973
1074,0.9233,0.1549
1075,0.9239,0.2626
1076,0.9234,0.3771
1077,0.9233,0.2391
1078,0.9236,0.3404
1079,0.9236,0.3875
1080,0.9222,0.2820
1081,0.9241,0.2779
1082,0.9238,0.2563
1083,0.9234,0.0964
1084,0.9240,0.2861
1085,0.9242,0.4043
1086,0.9234,0.2503
1087,0.9241,0.2813
1088,0.9239,0.1472
1089,0.9242,0.3040
1090,0.9240,0.1937
1091,0.9243,0.3067
1092,0.9243,0.1668
1093,0.9246,0.4140
1094,0.9246,0.1968
1095,0.9244,0.2472
1096,0.9246,0.3793
1097,0.9245,0.3088
1098,0.9246,0.2896
1099,0.9246,0.3191
1100,0.9248,0.2744
1101,0.9251,0.3459
1102,0.9250,0.1805
1103,0.9252,0.1815
1104,0.9253,0.2377
1105,0.9253,0.2490
1106,0.9255,0.2090
1107,0.9254,0.2095
1108,0.9256,0.2788
1109,0.9249,0.1248
1110,0.9254,0.2532
1111,0.9256,0.2211
1112,0.9259,0.3139
1113,0.9255,0.3096
1114,0.9259,0.1306
1115,0.9250,0.2705
1116,0.9259,0.2149
1117,0.9257,0.2940
1118,0.9258,0.2332
1119,0.9263,0.2806
1120,0.9255,0.1707
1121,0.9262,0.1970
1122,0.9258,0.1099
1123,0.9260,0.1444
1124,0.9251,0.2713
1125,0.9266,0.1080
1126,0.9268,0.2092
1127,0.9262,0.2486
1128,0.9267,0.1899
1129,0.9267,0.1954
1130,0.9268,0.2977
1131,0.9266,0.1549
1132,0.9266,0.3444
1133,0.9268,0.2752
1134,0.9272,0.2572
1135,0.9268,0.2613
1136,0.9271,0.1592
1137,0.9271,0.3663
1138,0.9273,0.2966
1139,0.9275,0.3238
1140,0.9271,0.1859
1141,0.9262,0.2245
1142,0.9279,0.2848
1143,0.9267,0.2798
1144,0.9277,0.3442
1145,0.9273,0.3675
1146,0.9270,0.2775
1147,0.9273,0.1931
1148,0.9269,0.2877
1149,0.9263,0.3697
1150,0.9280,0.2753
1151,0.9279,0.2130
1152,0.9278,0.2625
1153,0.9283,0.2270
1154,0.9281,0.1702
1155,0.9277,0.2527
1156,0.9280,0.1116
1157,0.9280,0.2968
1158,0.9272,0.2309
1159,0.9280,0.2082
1160,0.9282,0.2922
1161,0.9276,0.2984
1162,0.9276,0.1740
1163,0.9281,0.1846
1164,0.9276,0.1179
1165,0.9274,0.2205
1166,0.9279,0.2951
1167,0.9283,0.3061
1168,0.9289,0.1820
1169,0.9290,0.2622
1170,0.9286,0.1689
1171,0.9287,0.2685
1172,0.9289,0.2015
1173,0.9291,0.1337
1174,0.9289,0.3899
1175,0.9280,0.3063
1176,0.9294,0.4061
1177,0.9291,0.1805
1178,0.9281,0.3442
1179,0.9292,0.2219
1180,0.9296,0.2082
1181,0.9297,0.3638
1182,0.9294,0.1838
1183,0.9293,0.1897
1184,0.9293,0.1815
1185,0.9293,0.2318
1186,0.9296,0.1244
1187,0.9291,0.2580
1188,0.9298,0.2915
1189,0.9296,0.2273
1190,0.9293,0.2303
1191,0.9301,0.2167
1192,0.9290,0.2041
1193,0.9301,0.2720
1194,0.9297,0.1972
1195,0.9299,0.3076
1196,0.9302,0.1637
1197,0.9304,0.2375
1198,0.9295,0.2341
1199,0.9306,0.3187
