Epoch,IOU_Train,IOU_Val
0,0.5349,0.5424
1,0.5628,0.5175
2,0.5762,0.4636
3,0.5865,0.5098
4,0.5918,0.4341
5,0.5972,0.4956
6,0.6028,0.5042
7,0.6076,0.4578
8,0.6103,0.5423
9,0.6154,0.4421
10,0.6190,0.3438
11,0.6210,0.5110
12,0.6247,0.4577
13,0.6288,0.5215
14,0.6307,0.3683
15,0.6351,0.4516
16,0.6373,0.5399
17,0.6390,0.4854
18,0.6427,0.5447
19,0.6451,0.5479
20,0.6474,0.5270
21,0.6496,0.4614
22,0.6523,0.5279
23,0.6547,0.4705
24,0.6571,0.5207
25,0.6605,0.5459
26,0.6610,0.5150
27,0.6638,0.5264
28,0.6657,0.5245
29,0.6676,0.4587
30,0.6705,0.5528
31,0.6727,0.4946
32,0.6736,0.5336
33,0.6750,0.5192
34,0.6768,0.3729
35,0.6790,0.2442
36,0.6806,0.5315
37,0.6811,0.5415
38,0.6830,0.4333
39,0.6849,0.5200
40,0.6858,0.4904
41,0.6878,0.4841
42,0.6889,0.4259
43,0.6911,0.4074
44,0.6913,0.5200
45,0.6931,0.5118
46,0.6940,0.4651
47,0.6959,0.3030
48,0.6970,0.5360
49,0.6980,0.5292
50,0.6998,0.5516
51,0.7012,0.5088
52,0.7019,0.3547
53,0.7033,0.4877
54,0.7044,0.4333
55,0.7069,0.5252
56,0.7068,0.4940
57,0.7077,0.4076
58,0.7083,0.5271
59,0.7094,0.2891
60,0.7109,0.5394
61,0.7115,0.3824
62,0.7128,0.3775
63,0.7132,0.3579
64,0.7147,0.4794
65,0.7144,0.4980
66,0.7162,0.4384
67,0.7169,0.3088
68,0.7180,0.5283
69,0.7186,0.3126
70,0.7189,0.4281
71,0.7198,0.3296
72,0.7219,0.4622
73,0.7224,0.4994
74,0.7231,0.5199
75,0.7227,0.3993
76,0.7243,0.3492
77,0.7250,0.2248
78,0.7265,0.2599
79,0.7258,0.4094
80,0.7275,0.3259
81,0.7294,0.4225
82,0.7287,0.3884
83,0.7287,0.3938
84,0.7305,0.2707
85,0.7314,0.4916
86,0.7319,0.3667
87,0.7327,0.3394
88,0.7333,0.4586
89,0.7343,0.3207
90,0.7342,0.4853
91,0.7349,0.4446
92,0.7361,0.3050
93,0.7360,0.4578
94,0.7376,0.3941
95,0.7383,0.4533
96,0.7389,0.4320
97,0.7395,0.4999
98,0.7396,0.4430
99,0.7401,0.3150
100,0.7425,0.3667
101,0.7423,0.4382
102,0.7418,0.5001
103,0.7430,0.3701
104,0.7441,0.4520
105,0.7449,0.4654
106,0.7458,0.4864
107,0.7464,0.4060
108,0.7472,0.4931
109,0.7471,0.4574
110,0.7482,0.4175
111,0.7481,0.5098
112,0.7497,0.5073
113,0.7498,0.4710
114,0.7507,0.4114
115,0.7509,0.3859
116,0.7517,0.2896
117,0.7528,0.3766
118,0.7531,0.2627
119,0.7538,0.4878
120,0.7541,0.4178
121,0.7547,0.3275
122,0.7554,0.4318
123,0.7561,0.3214
124,0.7569,0.3461
125,0.7562,0.5288
126,0.7577,0.3302
127,0.7592,0.4297
128,0.7588,0.3941
129,0.7597,0.5094
130,0.7602,0.2965
131,0.7617,0.4625
132,0.7616,0.5113
133,0.7616,0.4357
134,0.7632,0.3153
135,0.7625,0.2791
136,0.7637,0.4354
137,0.7641,0.4714
138,0.7653,0.4999
139,0.7645,0.4401
140,0.7665,0.3898
141,0.7670,0.4379
142,0.7669,0.5021
143,0.7676,0.4525
144,0.7684,0.5051
145,0.7683,0.2922
146,0.7696,0.4446
147,0.7697,0.3665
148,0.7709,0.3915
149,0.7715,0.5166
150,0.7718,0.4652
151,0.7727,0.3834
152,0.7726,0.4520
153,0.7730,0.4980
154,0.7732,0.3913
155,0.7747,0.4573
156,0.7751,0.4368
157,0.7754,0.4868
158,0.7763,0.3862
159,0.7764,0.2523
160,0.7769,0.3780
161,0.7773,0.2734
162,0.7785,0.4607
163,0.7785,0.3641
164,0.7796,0.3289
165,0.7795,0.3121
166,0.7803,0.4045
167,0.7805,0.2762
168,0.7814,0.4157
169,0.7817,0.4526
170,0.7830,0.4433
171,0.7829,0.4401
172,0.7838,0.5167
173,0.7836,0.3423
174,0.7845,0.4857
175,0.7850,0.5210
176,0.7851,0.4839
177,0.7858,0.3714
178,0.7863,0.5031
179,0.7870,0.5236
180,0.7876,0.4040
181,0.7878,0.5075
182,0.7884,0.4669
183,0.7893,0.5241
184,0.7897,0.3212
185,0.7907,0.5041
186,0.7902,0.3276
187,0.7919,0.4207
188,0.7915,0.3920
189,0.7926,0.4614
190,0.7929,0.2856
191,0.7937,0.4099
192,0.7936,0.3854
193,0.7938,0.3531
194,0.7948,0.4999
195,0.7960,0.3630
196,0.7965,0.5008
197,0.7966,0.5142
198,0.7973,0.3528
199,0.7984,0.3983
200,0.7980,0.2290
201,0.7984,0.4281
202,0.7995,0.4868
203,0.7999,0.3752
204,0.8002,0.4112
205,0.8010,0.3046
206,0.8018,0.4325
207,0.8018,0.4242
208,0.8024,0.3662
209,0.8033,0.4065
210,0.8038,0.4742
211,0.8042,0.4974
212,0.8043,0.4803
213,0.8049,0.2946
214,0.8056,0.5126
215,0.8060,0.2424
216,0.8072,0.3590
217,0.8072,0.2880
218,0.8073,0.4529
219,0.8084,0.4179
220,0.8087,0.3970
221,0.8092,0.3855
222,0.8097,0.3878
223,0.8104,0.4216
224,0.8108,0.5154
225,0.8115,0.4024
226,0.8117,0.4830
227,0.8123,0.4096
228,0.8120,0.4795
229,0.8140,0.3647
230,0.8141,0.3661
231,0.8141,0.4742
232,0.8148,0.4268
233,0.8153,0.3646
234,0.8157,0.2609
235,0.8163,0.4247
236,0.8167,0.3817
237,0.8172,0.4021
238,0.8178,0.3690
239,0.8179,0.2409
240,0.8187,0.3452
241,0.8190,0.3811
242,0.8196,0.4813
243,0.8205,0.4045
244,0.8201,0.4850
245,0.8211,0.4153
246,0.8209,0.3173
247,0.8214,0.4051
248,0.8231,0.3636
249,0.8225,0.3967
250,0.8231,0.5038
251,0.8235,0.4843
252,0.8240,0.3674
253,0.8250,0.2172
254,0.8247,0.2443
255,0.8254,0.3194
256,0.8260,0.3385
257,0.8260,0.2202
258,0.8265,0.4105
259,0.8273,0.4286
260,0.8276,0.3978
261,0.8279,0.4648
262,0.8288,0.4450
263,0.8290,0.2614
264,0.8296,0.4896
265,0.8295,0.3599
266,0.8301,0.4442
267,0.8312,0.4016
268,0.8315,0.2726
269,0.8310,0.4925
270,0.8326,0.4460
271,0.8324,0.4713
272,0.8327,0.3834
273,0.8335,0.1999
274,0.8337,0.3392
275,0.8339,0.4899
276,0.8343,0.3906
277,0.8346,0.3647
278,0.8352,0.4409
279,0.8358,0.4473
280,0.8362,0.4454
281,0.8358,0.3123
282,0.8372,0.4550
283,0.8376,0.2880
284,0.8373,0.4589
285,0.8377,0.4878
286,0.8381,0.4831
287,0.8387,0.2758
288,0.8396,0.2302
289,0.8398,0.2887
290,0.8402,0.4674
291,0.8399,0.5040
292,0.8408,0.2784
293,0.8412,0.5110
294,0.8420,0.4388
295,0.8419,0.3148
296,0.8423,0.3798
297,0.8431,0.4767
298,0.8434,0.3946
299,0.8435,0.2840
300,0.8438,0.4680
301,0.8440,0.3240
302,0.8446,0.4858
303,0.8452,0.3594
304,0.8456,0.2836
305,0.8458,0.3432
306,0.8463,0.2727
307,0.8469,0.3986
308,0.8468,0.4103
309,0.8468,0.4721
310,0.8479,0.3987
311,0.8481,0.3469
312,0.8485,0.5084
313,0.8491,0.2398
314,0.8491,0.4746
315,0.8496,0.4641
316,0.8502,0.4623
317,0.8500,0.5214
318,0.8511,0.3294
319,0.8517,0.4276
320,0.8511,0.4776
321,0.8521,0.4299
322,0.8521,0.3326
323,0.8528,0.3932
324,0.8523,0.4249
325,0.8535,0.4511
326,0.8534,0.5167
327,0.8540,0.5000
328,0.8546,0.4454
329,0.8544,0.5082
330,0.8547,0.3614
331,0.8553,0.3144
332,0.8561,0.2571
333,0.8561,0.4292
334,0.8567,0.4286
335,0.8569,0.4625
336,0.8571,0.4213
337,0.8576,0.4770
338,0.8583,0.4072
339,0.8582,0.4877
340,0.8581,0.3597
341,0.8592,0.3795
342,0.8595,0.4034
343,0.8596,0.3274
344,0.8601,0.4407
345,0.8601,0.2554
346,0.8609,0.4702
347,0.8614,0.4962
348,0.8615,0.5077
349,0.8612,0.4575
350,0.8622,0.4917
351,0.8627,0.4137
352,0.8629,0.4055
353,0.8633,0.4974
354,0.8634,0.2536
355,0.8645,0.4497
356,0.8643,0.3809
357,0.8647,0.4435
358,0.8649,0.2407
359,0.8655,0.4003
360,0.8661,0.4414
361,0.8660,0.3996
362,0.8667,0.3213
363,0.8665,0.3721
364,0.8673,0.4091
365,0.8676,0.4778
366,0.8672,0.3670
367,0.8680,0.2764
368,0.8685,0.2798
369,0.8693,0.3128
370,0.8693,0.5104
371,0.8691,0.3981
372,0.8701,0.4407
373,0.8701,0.3828
374,0.8707,0.2887
375,0.8710,0.4890
376,0.8712,0.3140
377,0.8713,0.4887
378,0.8721,0.3707
379,0.8727,0.3859
380,0.8723,0.4242
381,0.8731,0.3396
382,0.8733,0.4980
383,0.8737,0.3169
384,0.8745,0.4661
385,0.8748,0.3683
386,0.8748,0.4662
387,0.8752,0.3781
388,0.8757,0.3090
389,0.8760,0.3936
390,0.8756,0.2864
391,0.8763,0.3548
392,0.8768,0.4314
393,0.8772,0.4392
394,0.8774,0.3277
395,0.8776,0.2796
396,0.8781,0.4082
397,0.8788,0.3444
398,0.8786,0.4770
399,0.8790,0.4391
400,0.8798,0.4490
401,0.8796,0.5157
402,0.8805,0.3717
403,0.8810,0.2797
404,0.8806,0.3960
405,0.8815,0.2626
406,0.8820,0.2979
407,0.8816,0.4078
408,0.8818,0.4191
409,0.8824,0.4695
410,0.8830,0.3913
411,0.8829,0.4668
412,0.8831,0.4515
413,0.8837,0.3602
414,0.8843,0.4006
415,0.8843,0.4467
416,0.8846,0.4428
417,0.8852,0.3120
418,0.8854,0.4233
419,0.8857,0.3273
420,0.8857,0.3865
421,0.8865,0.4181
422,0.8868,0.3440
423,0.8872,0.3726
424,0.8872,0.3930
425,0.8882,0.3594
426,0.8880,0.3812
427,0.8887,0.4598
428,0.8887,0.4573
429,0.8885,0.3677
430,0.8892,0.4970
431,0.8896,0.4170
432,0.8895,0.4499
433,0.8901,0.4378
434,0.8906,0.3708
435,0.8905,0.3315
436,0.8911,0.2671
437,0.8919,0.2483
438,0.8921,0.2743
439,0.8921,0.3816
440,0.8923,0.4766
441,0.8923,0.4218
442,0.8936,0.4863
443,0.8935,0.4248
444,0.8933,0.4711
445,0.8938,0.4016
446,0.8940,0.4317
447,0.8948,0.3716
448,0.8946,0.2362
449,0.8949,0.3956
450,0.8954,0.4217
451,0.8958,0.4380
452,0.8961,0.3467
453,0.8966,0.4271
454,0.8967,0.3282
455,0.8968,0.4143
456,0.8974,0.5135
457,0.8975,0.4064
458,0.8976,0.3617
459,0.8977,0.5107
460,0.8986,0.3160
461,0.8988,0.2801
462,0.8987,0.2428
463,0.8989,0.4309
464,0.8989,0.4302
465,0.8996,0.2346
466,0.9001,0.4776
467,0.9004,0.4055
468,0.9010,0.4586
469,0.9014,0.3089
470,0.9013,0.3048
471,0.9014,0.4757
472,0.9023,0.3121
473,0.9017,0.4402
474,0.9022,0.3659
475,0.9024,0.4452
476,0.9027,0.4611
477,0.9031,0.3881
478,0.9034,0.4082
479,0.9039,0.4366
480,0.9041,0.4442
481,0.9047,0.4917
482,0.9049,0.4245
483,0.9047,0.3822
484,0.9048,0.2457
485,0.9055,0.3926
486,0.9053,0.4388
487,0.9058,0.4074
488,0.9065,0.3241
489,0.9062,0.4216
490,0.9068,0.4816
491,0.9067,0.4416
492,0.9068,0.3643
493,0.9075,0.3094
494,0.9081,0.4884
495,0.9081,0.4754
496,0.9079,0.3018
497,0.9086,0.4055
498,0.9087,0.3362
499,0.9089,0.3865
500,0.9094,0.3109
501,0.9092,0.3598
502,0.9097,0.2574
503,0.9097,0.4890
504,0.9104,0.4211
505,0.9104,0.4435
506,0.9105,0.3472
507,0.9105,0.3614
508,0.9112,0.3147
509,0.9114,0.3690
510,0.9119,0.3842
511,0.9120,0.4269
512,0.9117,0.4213
513,0.9121,0.4198
514,0.9124,0.4397
515,0.9131,0.4940
516,0.9127,0.4838
517,0.9131,0.3674
518,0.9133,0.3932
519,0.9135,0.4032
520,0.9138,0.4046
521,0.9141,0.3389
522,0.9143,0.3506
523,0.9145,0.4361
524,0.9149,0.2248
525,0.9150,0.4839
526,0.9153,0.4539
527,0.9149,0.4358
528,0.9155,0.4017
529,0.9162,0.4286
530,0.9165,0.4470
531,0.9167,0.3465
532,0.9163,0.4425
533,0.9167,0.4840
534,0.9166,0.4746
535,0.9175,0.5172
536,0.9175,0.3160
537,0.9179,0.4586
538,0.9178,0.4826
539,0.9182,0.4845
540,0.9184,0.3919
541,0.9183,0.4577
542,0.9188,0.4642
543,0.9188,0.3200
544,0.9197,0.3986
545,0.9196,0.4706
546,0.9200,0.3229
547,0.9198,0.2919
548,0.9198,0.4555
549,0.9199,0.3473
550,0.9201,0.3087
551,0.9211,0.2504
552,0.9211,0.4822
553,0.9208,0.4502
554,0.9209,0.4724
555,0.9215,0.3883
556,0.9218,0.4339
557,0.9215,0.3032
558,0.9221,0.3403
559,0.9216,0.2022
560,0.9221,0.4687
561,0.9225,0.4620
562,0.9231,0.4310
563,0.9231,0.4087
564,0.9231,0.5117
565,0.9235,0.3261
566,0.9235,0.4569
567,0.9238,0.4198
568,0.9239,0.5002
569,0.9247,0.2925
570,0.9240,0.4501
571,0.9243,0.4797
572,0.9246,0.3877
573,0.9245,0.3682
574,0.9251,0.4642
575,0.9252,0.4716
576,0.9258,0.3776
577,0.9256,0.4622
578,0.9262,0.3930
579,0.9257,0.4792
580,0.9255,0.4581
581,0.9271,0.4932
582,0.9267,0.3913
583,0.9266,0.4271
584,0.9267,0.3683
585,0.9271,0.3431
586,0.9272,0.4844
587,0.9275,0.3786
588,0.9278,0.5081
589,0.9280,0.3786
590,0.9275,0.4053
591,0.9284,0.4641
592,0.9285,0.3835
593,0.9283,0.3567
594,0.9288,0.4519
595,0.9288,0.4635
596,0.9289,0.3539
597,0.9288,0.4871
598,0.9292,0.4644
599,0.9293,0.2975
600,0.9296,0.4877
601,0.9299,0.4548
602,0.9302,0.4238
603,0.9304,0.4024
604,0.9304,0.3487
605,0.9310,0.3417
606,0.9309,0.4511
607,0.9303,0.2601
608,0.9314,0.4590
609,0.9311,0.4099
610,0.9312,0.3192
611,0.9316,0.4218
612,0.9314,0.3213
613,0.9319,0.3687
614,0.9318,0.3900
615,0.9324,0.4426
616,0.9327,0.3216
617,0.9328,0.4438
618,0.9325,0.2496
619,0.9329,0.3943
620,0.9328,0.2853
621,0.9332,0.4120
622,0.9335,0.5010
623,0.9335,0.2764
624,0.9333,0.4212
625,0.9339,0.3133
626,0.9339,0.2629
627,0.9340,0.4353
628,0.9343,0.3500
629,0.9343,0.2300
630,0.9348,0.3361
631,0.9344,0.3429
632,0.9345,0.4334
633,0.9350,0.3647
634,0.9354,0.4086
635,0.9355,0.4328
636,0.9350,0.4591
637,0.9358,0.3589
638,0.9352,0.4769
639,0.9357,0.3933
640,0.9357,0.4578
641,0.9362,0.3543
642,0.9365,0.3734
643,0.9364,0.4040
644,0.9365,0.4376
645,0.9367,0.4017
646,0.9368,0.4176
647,0.9369,0.3046
648,0.9373,0.4593
649,0.9370,0.4014
650,0.9372,0.4402
651,0.9373,0.3957
652,0.9377,0.4245
653,0.9374,0.1960
654,0.9371,0.3946
655,0.9381,0.2906
656,0.9387,0.2438
657,0.9387,0.2587
658,0.9384,0.4896
659,0.9384,0.4119
660,0.9386,0.4954
661,0.9388,0.4405
662,0.9389,0.3797
663,0.9391,0.4424
664,0.9385,0.2767
665,0.9392,0.4288
666,0.9398,0.4873
667,0.9396,0.4405
668,0.9396,0.2995
669,0.9400,0.4964
670,0.9400,0.2286
671,0.9404,0.2189
672,0.9400,0.3484
673,0.9402,0.3205
674,0.9403,0.4389
675,0.9404,0.3603
676,0.9409,0.4734
677,0.9411,0.4411
678,0.9407,0.2800
679,0.9409,0.4749
680,0.9408,0.4370
681,0.9412,0.4295
682,0.9415,0.2255
683,0.9416,0.3527
684,0.9416,0.4764
685,0.9421,0.4114
686,0.9418,0.3913
687,0.9420,0.3829
688,0.9425,0.4162
689,0.9427,0.3314
690,0.9424,0.3269
691,0.9423,0.3603
692,0.9428,0.3077
693,0.9426,0.3823
694,0.9427,0.4522
695,0.9430,0.4750
696,0.9433,0.2896
697,0.9433,0.3540
698,0.9434,0.4532
699,0.9436,0.4745
700,0.9436,0.4146
701,0.9436,0.3486
702,0.9438,0.4313
703,0.9441,0.2608
704,0.9442,0.3510
705,0.9440,0.3728
706,0.9446,0.3382
707,0.9443,0.4456
708,0.9443,0.4830
709,0.9445,0.4003
710,0.9448,0.4099
711,0.9451,0.2507
712,0.9451,0.3181
713,0.9453,0.3701
714,0.9455,0.4880
715,0.9456,0.2093
716,0.9450,0.3893
717,0.9454,0.3863
718,0.9459,0.4244
719,0.9461,0.3439
720,0.9462,0.3937
721,0.9459,0.4004
722,0.9461,0.2968
723,0.9462,0.2830
724,0.9462,0.4306
725,0.9462,0.3103
726,0.9465,0.4497
727,0.9469,0.3677
728,0.9467,0.4352
729,0.9468,0.3849
730,0.9466,0.3091
731,0.9469,0.2798
732,0.9475,0.3679
733,0.9474,0.3633
734,0.9479,0.4173
735,0.9472,0.3853
736,0.9474,0.4701
737,0.9476,0.3702
738,0.9479,0.2359
739,0.9480,0.3925
740,0.9478,0.4475
741,0.9479,0.4137
742,0.9478,0.4435
743,0.9482,0.4642
744,0.9484,0.3358
745,0.9487,0.3887
746,0.9482,0.3601
747,0.9489,0.3931
748,0.9488,0.4660
749,0.9488,0.2815
750,0.9490,0.4564
751,0.9492,0.3569
752,0.9491,0.4457
753,0.9497,0.2378
754,0.9490,0.4362
755,0.9495,0.1849
756,0.9494,0.4439
757,0.9496,0.4413
758,0.9504,0.4030
759,0.9500,0.4545
760,0.9495,0.4370
761,0.9502,0.4828
762,0.9496,0.3995
763,0.9505,0.3588
764,0.9500,0.3623
765,0.9503,0.1926
766,0.9503,0.3708
767,0.9504,0.3958
768,0.9507,0.4583
769,0.9510,0.3824
770,0.9511,0.4677
771,0.9510,0.4674
772,0.9510,0.3115
773,0.9508,0.4925
774,0.9514,0.3227
775,0.9512,0.4174
776,0.9513,0.2435
777,0.9515,0.4836
778,0.9516,0.4172
779,0.9518,0.4523
780,0.9519,0.3422
781,0.9517,0.3644
782,0.9519,0.3320
783,0.9520,0.3065
784,0.9518,0.4453
785,0.9519,0.3666
786,0.9517,0.4462
787,0.9519,0.3407
788,0.9526,0.3227
789,0.9526,0.3341
790,0.9525,0.4351
791,0.9529,0.4856
792,0.9524,0.4888
793,0.9528,0.4329
794,0.9526,0.3768
795,0.9528,0.2835
796,0.9528,0.3828
797,0.9532,0.3775
798,0.9535,0.4367
799,0.9534,0.3916
800,0.9532,0.4346
801,0.9537,0.2690
802,0.9535,0.4120
803,0.9534,0.4533
804,0.9539,0.3828
805,0.9541,0.3696
806,0.9539,0.2693
807,0.9538,0.3866
808,0.9542,0.2528
809,0.9540,0.4368
810,0.9542,0.4471
811,0.9542,0.4262
812,0.9543,0.3989
813,0.9539,0.3284
814,0.9546,0.3837
815,0.9547,0.3987
816,0.9550,0.4253
817,0.9545,0.3629
818,0.9548,0.4710
819,0.9551,0.4748
820,0.9555,0.3280
821,0.9553,0.3974
822,0.9551,0.3751
823,0.9554,0.2763
824,0.9554,0.3988
825,0.9555,0.3563
826,0.9555,0.4490
827,0.9553,0.4444
828,0.9556,0.2316
829,0.9558,0.4064
830,0.9552,0.4459
831,0.9555,0.3398
832,0.9562,0.4248
833,0.9558,0.3073
834,0.9556,0.4446
835,0.9561,0.3426
836,0.9565,0.4076
837,0.9563,0.4038
838,0.9564,0.4015
839,0.9562,0.3395
840,0.9568,0.3780
841,0.9568,0.4245
842,0.9568,0.4943
843,0.9568,0.4227
844,0.9571,0.4295
845,0.9568,0.3754
846,0.9565,0.3202
847,0.9567,0.3887
848,0.9575,0.4726
849,0.9573,0.3225
850,0.9574,0.3488
851,0.9572,0.4046
852,0.9572,0.4505
853,0.9577,0.2904
854,0.9576,0.3477
855,0.9575,0.3365
856,0.9578,0.3636
857,0.9576,0.4193
858,0.9577,0.4174
859,0.9579,0.3738
860,0.9578,0.4319
861,0.9577,0.3013
862,0.9578,0.3209
863,0.9583,0.3268
864,0.9580,0.3940
865,0.9579,0.4153
866,0.9581,0.2531
867,0.9583,0.3869
868,0.9586,0.2911
869,0.9583,0.4320
870,0.9585,0.3292
871,0.9589,0.4654
872,0.9590,0.4252
873,0.9588,0.4293
874,0.9589,0.4315
875,0.9591,0.4931
876,0.9594,0.3134
877,0.9590,0.3991
878,0.9588,0.4533
879,0.9591,0.4051
880,0.9595,0.3580
881,0.9595,0.3606
882,0.9594,0.1816
883,0.9595,0.4700
884,0.9596,0.4932
885,0.9596,0.3602
886,0.9595,0.4214
887,0.9600,0.4302
888,0.9600,0.3773
889,0.9600,0.3758
890,0.9601,0.4167
891,0.9597,0.3348
892,0.9603,0.4284
893,0.9603,0.2611
894,0.9602,0.4907
895,0.9601,0.4646
896,0.9608,0.1754
897,0.9603,0.2956
898,0.9605,0.3378
899,0.9609,0.3858
900,0.9604,0.2808
901,0.9607,0.4204
902,0.9606,0.3641
903,0.9603,0.2891
904,0.9608,0.1907
905,0.9612,0.3198
906,0.9609,0.3267
907,0.9612,0.4542
908,0.9613,0.3022
909,0.9610,0.2178
910,0.9613,0.3403
911,0.9613,0.3280
912,0.9615,0.3256
913,0.9614,0.4215
914,0.9609,0.4604
915,0.9614,0.3450
916,0.9618,0.3602
917,0.9616,0.4004
918,0.9618,0.2572
919,0.9617,0.3715
920,0.9616,0.4696
921,0.9620,0.4646
922,0.9622,0.4395
923,0.9617,0.4881
924,0.9620,0.4413
925,0.9624,0.3030
926,0.9622,0.3584
927,0.9621,0.4119
928,0.9622,0.3604
929,0.9619,0.3023
930,0.9622,0.4074
931,0.9624,0.3225
932,0.9624,0.2791
933,0.9626,0.3339
934,0.9625,0.2596
935,0.9625,0.3652
936,0.9631,0.4290
937,0.9628,0.4296
938,0.9628,0.4259
939,0.9631,0.3478
940,0.9624,0.3334
941,0.9629,0.4971
942,0.9625,0.3073
943,0.9628,0.4256
944,0.9630,0.4849
945,0.9629,0.2664
946,0.9634,0.3261
947,0.9629,0.4246
948,0.9633,0.4385
949,0.9632,0.3134
950,0.9634,0.3714
951,0.9640,0.1765
952,0.9636,0.3649
953,0.9635,0.2336
954,0.9637,0.3880
955,0.9639,0.2931
956,0.9634,0.3853
957,0.9639,0.1923
958,0.9639,0.4514
959,0.9637,0.3993
960,0.9642,0.3384
961,0.9644,0.3760
962,0.9641,0.4762
963,0.9641,0.3812
964,0.9640,0.3579
965,0.9640,0.2556
966,0.9645,0.3470
967,0.9641,0.3923
968,0.9649,0.2535
969,0.9647,0.4003
970,0.9643,0.3668
971,0.9641,0.3720
972,0.9645,0.3728
973,0.9647,0.3477
974,0.9647,0.4487
975,0.9648,0.2299
976,0.9650,0.3996
977,0.9651,0.3849
978,0.9647,0.2622
979,0.9651,0.4909
980,0.9652,0.3719
981,0.9651,0.2827
982,0.9651,0.4107
983,0.9648,0.4677
984,0.9650,0.3446
985,0.9653,0.4843
986,0.9651,0.3391
987,0.9652,0.4667
988,0.9652,0.3755
989,0.9652,0.2705
990,0.9657,0.2869
991,0.9656,0.4428
992,0.9657,0.3770
993,0.9656,0.4552
994,0.9656,0.3687
995,0.9661,0.3024
996,0.9658,0.4055
997,0.9658,0.4791
998,0.9657,0.2202
999,0.9658,0.4242
1000,0.9658,0.4073
1001,0.9655,0.3654
1002,0.9660,0.3210
1003,0.9658,0.4713
1004,0.9662,0.3816
1005,0.9662,0.3864
1006,0.9660,0.4854
1007,0.9659,0.3837
1008,0.9661,0.2739
1009,0.9663,0.3154
1010,0.9668,0.4421
1011,0.9666,0.3421
1012,0.9666,0.4800
1013,0.9666,0.4883
1014,0.9667,0.4422
1015,0.9667,0.3495
1016,0.9667,0.4089
1017,0.9665,0.3037
1018,0.9666,0.4598
1019,0.9670,0.4540
1020,0.9672,0.3603
1021,0.9669,0.3817
1022,0.9670,0.3939
1023,0.9671,0.3678
1024,0.9670,0.4243
1025,0.9670,0.3460
1026,0.9677,0.4148
1027,0.9672,0.3875
1028,0.9674,0.2308
1029,0.9673,0.2064
1030,0.9672,0.3080
1031,0.9673,0.3973
1032,0.9674,0.2821
1033,0.9678,0.3086
1034,0.9678,0.3992
1035,0.9678,0.2318
1036,0.9678,0.4231
1037,0.9677,0.4297
1038,0.9674,0.2748
1039,0.9679,0.3874
1040,0.9683,0.3461
1041,0.9681,0.3019
1042,0.9677,0.3681
1043,0.9682,0.4093
1044,0.9681,0.2110
1045,0.9681,0.4079
1046,0.9681,0.3162
1047,0.9676,0.3312
1048,0.9681,0.3004
1049,0.9681,0.4578
1050,0.9684,0.3651
1051,0.9680,0.3235
1052,0.9682,0.4761
1053,0.9686,0.4706
1054,0.9683,0.4775
1055,0.9687,0.4035
1056,0.9687,0.4094
1057,0.9685,0.3216
1058,0.9687,0.2766
1059,0.9682,0.3868
1060,0.9687,0.2876
1061,0.9687,0.2592
1062,0.9686,0.4876
1063,0.9688,0.3755
1064,0.9689,0.3938
1065,0.9689,0.3362
1066,0.9691,0.3968
1067,0.9689,0.2833
1068,0.9689,0.3226
1069,0.9689,0.3415
1070,0.9690,0.2164
1071,0.9691,0.1776
1072,0.9690,0.3753
1073,0.9692,0.3430
1074,0.9691,0.4290
1075,0.9694,0.4395
1076,0.9693,0.3629
1077,0.9689,0.3981
1078,0.9693,0.4785
1079,0.9700,0.4871
1080,0.9694,0.3978
1081,0.9697,0.3879
1082,0.9696,0.3770
1083,0.9696,0.2353
1084,0.9694,0.4296
1085,0.9699,0.4050
1086,0.9695,0.4370
1087,0.9698,0.4088
1088,0.9698,0.4345
1089,0.9696,0.4292
1090,0.9698,0.4994
1091,0.9698,0.4700
1092,0.9695,0.3565
1093,0.9697,0.2754
1094,0.9700,0.2602
1095,0.9701,0.3491
1096,0.9701,0.3111
1097,0.9701,0.3127
1098,0.9702,0.2929
1099,0.9701,0.3853
1100,0.9701,0.2069
1101,0.9700,0.3696
1102,0.9703,0.3352
1103,0.9706,0.3650
1104,0.9700,0.4145
1105,0.9701,0.3762
1106,0.9708,0.3760
1107,0.9705,0.3836
1108,0.9705,0.4614
1109,0.9706,0.4163
1110,0.9706,0.4083
1111,0.9708,0.2637
1112,0.9704,0.2754
1113,0.9706,0.3576
1114,0.9709,0.2980
1115,0.9711,0.4054
1116,0.9704,0.3465
1117,0.9707,0.4718
1118,0.9710,0.2449
1119,0.9707,0.3746
1120,0.9710,0.4090
1121,0.9710,0.4186
1122,0.9708,0.3905
1123,0.9710,0.4176
1124,0.9709,0.4761
1125,0.9713,0.3424
1126,0.9716,0.3198
1127,0.9708,0.4045
1128,0.9713,0.4537
1129,0.9712,0.1776
1130,0.9713,0.4758
1131,0.9714,0.5055
1132,0.9718,0.4509
1133,0.9717,0.4481
1134,0.9714,0.1993
1135,0.9712,0.3488
1136,0.9711,0.4980
1137,0.9715,0.4714
1138,0.9715,0.2092
1139,0.9719,0.3446
1140,0.9717,0.4160
1141,0.9715,0.4110
1142,0.9723,0.3785
1143,0.9722,0.4488
1144,0.9715,0.2563
1145,0.9718,0.2995
1146,0.9719,0.3753
1147,0.9717,0.4098
1148,0.9719,0.3059
1149,0.9717,0.3724
1150,0.9720,0.2743
1151,0.9723,0.3734
1152,0.9719,0.1930
1153,0.9721,0.2705
1154,0.9721,0.2735
1155,0.9721,0.2866
1156,0.9721,0.4670
1157,0.9723,0.4264
1158,0.9722,0.2893
1159,0.9723,0.4257
1160,0.9723,0.2198
1161,0.9726,0.3625
1162,0.9726,0.4189
1163,0.9725,0.3703
1164,0.9726,0.1938
1165,0.9724,0.4138
1166,0.9726,0.4813
1167,0.9724,0.3335
1168,0.9728,0.3498
1169,0.9725,0.4295
1170,0.9729,0.4486
1171,0.9731,0.2907
1172,0.9728,0.4111
1173,0.9728,0.3483
1174,0.9726,0.3594
1175,0.9728,0.4407
1176,0.9724,0.4054
1177,0.9727,0.4618
1178,0.9728,0.4242
1179,0.9728,0.4202
1180,0.9726,0.4214
1181,0.9732,0.3265
1182,0.9727,0.3121
1183,0.9730,0.4202
1184,0.9728,0.4355
1185,0.9732,0.4286
1186,0.9735,0.4081
1187,0.9736,0.4092
1188,0.9732,0.3994
1189,0.9734,0.4788
1190,0.9731,0.3081
1191,0.9732,0.2033
1192,0.9734,0.3641
1193,0.9734,0.2616
1194,0.9732,0.4026
1195,0.9735,0.2478
1196,0.9736,0.3525
1197,0.9737,0.4654
1198,0.9736,0.4009
1199,0.9733,0.4249
1200,0.9737,0.3341
1201,0.9739,0.3399
1202,0.9742,0.4598
1203,0.9735,0.3652
1204,0.9738,0.3696
1205,0.9738,0.3073
1206,0.9738,0.3577
1207,0.9736,0.3555
1208,0.9740,0.4506
1209,0.9739,0.3436
1210,0.9743,0.2261
1211,0.9739,0.3658
1212,0.9738,0.4164
1213,0.9739,0.3545
1214,0.9743,0.4457
1215,0.9738,0.2521
1216,0.9739,0.3752
1217,0.9739,0.4121
1218,0.9739,0.4631
1219,0.9740,0.1857
1220,0.9745,0.4735
1221,0.9746,0.2256
1222,0.9744,0.2363
1223,0.9745,0.3362
1224,0.9744,0.4263
1225,0.9743,0.3015
1226,0.9740,0.3448
1227,0.9741,0.3551
1228,0.9744,0.3104
1229,0.9742,0.3186
1230,0.9742,0.3824
1231,0.9745,0.3637
1232,0.9743,0.3421
1233,0.9743,0.3496
1234,0.9747,0.3072
1235,0.9748,0.3897
1236,0.9746,0.2815
1237,0.9746,0.3332
1238,0.9747,0.3628
1239,0.9746,0.4004
1240,0.9749,0.3948
1241,0.9750,0.3694
1242,0.9748,0.2795
1243,0.9753,0.3854
1244,0.9748,0.4178
1245,0.9750,0.4290
1246,0.9749,0.4886
1247,0.9751,0.2160
1248,0.9752,0.3433
1249,0.9748,0.2367
1250,0.9750,0.4593
1251,0.9753,0.3325
1252,0.9748,0.4787
1253,0.9748,0.4831
1254,0.9752,0.4062
1255,0.9750,0.2710
1256,0.9752,0.4038
1257,0.9752,0.3217
1258,0.9751,0.4900
1259,0.9754,0.3070
1260,0.9753,0.3920
1261,0.9755,0.2937
1262,0.9753,0.1627
1263,0.9756,0.3736
1264,0.9753,0.3807
1265,0.9757,0.4809
1266,0.9760,0.2839
1267,0.9760,0.2730
1268,0.9757,0.3071
1269,0.9756,0.3664
1270,0.9757,0.2349
1271,0.9756,0.4283
1272,0.9757,0.3957
1273,0.9754,0.4133
1274,0.9756,0.4433
1275,0.9755,0.3688
1276,0.9757,0.4227
1277,0.9759,0.1899
1278,0.9761,0.4708
1279,0.9757,0.4011
1280,0.9758,0.4109
1281,0.9756,0.2996
1282,0.9757,0.3707
1283,0.9759,0.2372
1284,0.9758,0.3718
1285,0.9762,0.3436
1286,0.9756,0.2465
1287,0.9761,0.3339
1288,0.9762,0.4096
1289,0.9760,0.4042
1290,0.9762,0.3591
1291,0.9761,0.3777
1292,0.9763,0.2950
1293,0.9762,0.3911
1294,0.9760,0.4938
1295,0.9765,0.4129
1296,0.9764,0.3602
1297,0.9764,0.3836
1298,0.9759,0.4091
1299,0.9761,0.1749
1300,0.9768,0.4287
1301,0.9762,0.4296
1302,0.9764,0.4404
1303,0.9765,0.4107
1304,0.9767,0.4243
1305,0.9766,0.4418
1306,0.9767,0.4213
1307,0.9767,0.4432
1308,0.9765,0.2642
1309,0.9761,0.2100
1310,0.9766,0.3458
1311,0.9768,0.4068
1312,0.9766,0.3191
1313,0.9766,0.4115
1314,0.9764,0.4169
1315,0.9765,0.4143
1316,0.9765,0.3559
1317,0.9771,0.4474
1318,0.9770,0.4152
1319,0.9767,0.4573
1320,0.9766,0.4209
1321,0.9770,0.3936
1322,0.9767,0.4139
1323,0.9768,0.3980
1324,0.9768,0.4332
1325,0.9772,0.4170
1326,0.9767,0.4885
1327,0.9770,0.3917
1328,0.9772,0.4463
1329,0.9768,0.4078
1330,0.9768,0.4155
1331,0.9772,0.3756
1332,0.9771,0.3888
1333,0.9772,0.4599
1334,0.9772,0.2489
1335,0.9772,0.3073
1336,0.9777,0.3359
1337,0.9773,0.4678
1338,0.9771,0.3527
1339,0.9773,0.3405
1340,0.9773,0.2494
1341,0.9774,0.3125
1342,0.9773,0.2781
1343,0.9776,0.3660
1344,0.9774,0.3488
1345,0.9775,0.3328
1346,0.9777,0.3168
1347,0.9773,0.3342
1348,0.9774,0.2855
1349,0.9778,0.2773
1350,0.9774,0.4448
1351,0.9774,0.3876
1352,0.9779,0.2633
1353,0.9780,0.3101
1354,0.9777,0.3122
1355,0.9775,0.4817
1356,0.9778,0.2596
1357,0.9779,0.3217
1358,0.9778,0.4199
1359,0.9779,0.4269
1360,0.9779,0.4265
1361,0.9778,0.3578
1362,0.9781,0.2971
1363,0.9782,0.3748
1364,0.9781,0.2663
1365,0.9780,0.4489
1366,0.9779,0.3998
1367,0.9778,0.2816
1368,0.9780,0.3141
1369,0.9780,0.4868
1370,0.9781,0.2170
1371,0.9783,0.4139
1372,0.9781,0.3399
1373,0.9782,0.4299
1374,0.9780,0.2132
1375,0.9780,0.2869
1376,0.9781,0.3031
1377,0.9781,0.4319
1378,0.9780,0.3069
1379,0.9781,0.4379
1380,0.9783,0.2196
1381,0.9786,0.3416
1382,0.9784,0.4350
1383,0.9783,0.4555
1384,0.9780,0.3425
1385,0.9785,0.3819
1386,0.9787,0.2622
1387,0.9783,0.2806
1388,0.9786,0.3767
1389,0.9789,0.2588
1390,0.9787,0.2597
1391,0.9783,0.3403
1392,0.9782,0.3874
1393,0.9783,0.2449
1394,0.9786,0.3889
1395,0.9787,0.4544
1396,0.9786,0.2739
1397,0.9787,0.2425
1398,0.9785,0.4311
1399,0.9784,0.2493
1400,0.9787,0.2485
1401,0.9785,0.3057
1402,0.9787,0.2451
1403,0.9786,0.5078
1404,0.9787,0.4280
1405,0.9788,0.4003
1406,0.9782,0.2669
1407,0.9787,0.2815
1408,0.9791,0.2446
1409,0.9789,0.4550
1410,0.9790,0.4194
1411,0.9792,0.3666
1412,0.9787,0.2909
1413,0.9790,0.3971
1414,0.9789,0.4114
1415,0.9788,0.3624
1416,0.9790,0.4261
1417,0.9791,0.2713
1418,0.9792,0.2678
1419,0.9787,0.4121
1420,0.9791,0.3017
1421,0.9793,0.4684
1422,0.9792,0.4864
1423,0.9792,0.2199
1424,0.9790,0.3227
1425,0.9792,0.3319
1426,0.9792,0.3045
1427,0.9794,0.4095
1428,0.9794,0.4483
1429,0.9793,0.4008
1430,0.9790,0.3872
1431,0.9795,0.2865
1432,0.9797,0.3520
1433,0.9795,0.3461
1434,0.9793,0.3385
1435,0.9792,0.4867
1436,0.9794,0.3565
1437,0.9793,0.4111
1438,0.9797,0.3460
1439,0.9795,0.4492
1440,0.9796,0.3695
1441,0.9794,0.3244
1442,0.9794,0.2768
1443,0.9797,0.4266
1444,0.9796,0.3619
1445,0.9797,0.3764
1446,0.9797,0.2460
1447,0.9798,0.4493
1448,0.9798,0.3321
1449,0.9798,0.2870
1450,0.9795,0.4407
1451,0.9796,0.3121
1452,0.9797,0.3821
1453,0.9796,0.3497
1454,0.9799,0.2680
1455,0.9798,0.4080
1456,0.9797,0.3666
1457,0.9799,0.4611
1458,0.9795,0.4217
1459,0.9797,0.4085
1460,0.9798,0.3945
1461,0.9797,0.2927
1462,0.9802,0.2061
1463,0.9803,0.3724
1464,0.9801,0.3825
1465,0.9802,0.3660
1466,0.9798,0.3968
1467,0.9801,0.2312
1468,0.9799,0.4359
1469,0.9800,0.4522
1470,0.9804,0.4561
1471,0.9799,0.3266
1472,0.9804,0.4590
1473,0.9803,0.4809
1474,0.9800,0.3590
1475,0.9803,0.4833
1476,0.9800,0.3834
1477,0.9802,0.4245
1478,0.9802,0.2995
1479,0.9800,0.2530
1480,0.9801,0.3417
1481,0.9802,0.4419
1482,0.9805,0.4650
1483,0.9801,0.3929
1484,0.9801,0.3221
1485,0.9803,0.2675
1486,0.9800,0.4024
1487,0.9803,0.3639
1488,0.9804,0.2728
1489,0.9804,0.3677
1490,0.9803,0.3842
1491,0.9803,0.3431
1492,0.9807,0.2871
1493,0.9806,0.3429
1494,0.9809,0.3600
1495,0.9803,0.3719
1496,0.9802,0.2075
1497,0.9809,0.3485
1498,0.9806,0.2359
1499,0.9803,0.2529
1500,0.9806,0.3125
1501,0.9809,0.2622
1502,0.9807,0.2934
1503,0.9807,0.4167
1504,0.9804,0.4369
1505,0.9806,0.4132
1506,0.9807,0.3707
1507,0.9810,0.2850
1508,0.9808,0.3453
1509,0.9806,0.3632
1510,0.9807,0.2631
1511,0.9808,0.4815
1512,0.9806,0.3244
1513,0.9804,0.3830
1514,0.9806,0.2205
1515,0.9811,0.4232
1516,0.9811,0.4558
1517,0.9810,0.4817
1518,0.9807,0.4072
1519,0.9812,0.4202
1520,0.9811,0.4051
1521,0.9807,0.4290
1522,0.9813,0.3819
1523,0.9811,0.3925
1524,0.9813,0.2652
1525,0.9811,0.4223
1526,0.9810,0.4567
1527,0.9812,0.4159
1528,0.9810,0.3445
1529,0.9812,0.2566
1530,0.9812,0.4582
1531,0.9813,0.3540
1532,0.9815,0.2698
1533,0.9816,0.2641
1534,0.9811,0.3664
1535,0.9815,0.3812
1536,0.9812,0.3452
1537,0.9811,0.3937
1538,0.9812,0.2820
1539,0.9812,0.3502
1540,0.9815,0.3651
1541,0.9815,0.3133
1542,0.9813,0.3167
1543,0.9811,0.2038
1544,0.9815,0.2817
1545,0.9817,0.2081
1546,0.9814,0.3510
1547,0.9811,0.3948
1548,0.9814,0.2813
1549,0.9813,0.4431
1550,0.9815,0.3816
1551,0.9814,0.2794
1552,0.9815,0.2975
1553,0.9817,0.2778
1554,0.9814,0.2194
1555,0.9815,0.3112
1556,0.9818,0.3720
1557,0.9816,0.4096
1558,0.9815,0.3312
1559,0.9816,0.4203
1560,0.9812,0.3549
1561,0.9813,0.4692
1562,0.9817,0.4124
1563,0.9820,0.4092
1564,0.9817,0.3500
1565,0.9818,0.3654
1566,0.9817,0.4589
1567,0.9817,0.4254
1568,0.9819,0.3384
1569,0.9819,0.3272
1570,0.9818,0.2756
1571,0.9818,0.3713
1572,0.9816,0.3680
1573,0.9821,0.4587
1574,0.9819,0.2635
1575,0.9819,0.4737
1576,0.9821,0.2585
1577,0.9817,0.2434
1578,0.9820,0.4605
1579,0.9821,0.2860
1580,0.9819,0.3775
1581,0.9818,0.1889
1582,0.9818,0.4185
1583,0.9820,0.3133
1584,0.9820,0.4532
1585,0.9820,0.4660
1586,0.9825,0.3025
1587,0.9823,0.3438
1588,0.9822,0.2961
1589,0.9821,0.4152
1590,0.9824,0.4220
1591,0.9821,0.3048
1592,0.9821,0.4522
1593,0.9824,0.4483
1594,0.9823,0.2880
1595,0.9822,0.4133
1596,0.9822,0.3686
1597,0.9825,0.3409
1598,0.9822,0.4074
1599,0.9823,0.3207
1600,0.9825,0.1930
1601,0.9824,0.4359
1602,0.9822,0.4165
1603,0.9824,0.3783
1604,0.9823,0.3599
1605,0.9825,0.3658
1606,0.9819,0.2661
1607,0.9823,0.2809
1608,0.9824,0.2637
1609,0.9824,0.3906
1610,0.9824,0.1701
1611,0.9828,0.4351
1612,0.9825,0.4274
1613,0.9825,0.2880
1614,0.9825,0.4460
1615,0.9824,0.2749
1616,0.9824,0.2620
1617,0.9825,0.4349
1618,0.9824,0.3504
1619,0.9823,0.2891
1620,0.9824,0.3167
1621,0.9827,0.4141
1622,0.9824,0.3328
1623,0.9825,0.3421
1624,0.9827,0.2739
1625,0.9825,0.4481
1626,0.9827,0.4204
1627,0.9827,0.4502
1628,0.9827,0.4221
1629,0.9828,0.2833
1630,0.9826,0.4495
1631,0.9826,0.4023
