Epoch,IOU_Train,IOU_Val
0,0.5364,0.5472
1,0.5682,0.5452
2,0.5848,0.5358
3,0.5966,0.5167
4,0.6039,0.5385
5,0.6109,0.4526
6,0.6178,0.4182
7,0.6236,0.4775
8,0.6259,0.4897
9,0.6314,0.4984
10,0.6351,0.5241
11,0.6414,0.5370
12,0.6423,0.4571
13,0.6473,0.5602
14,0.6500,0.5547
15,0.6526,0.5456
16,0.6569,0.5469
17,0.6593,0.5270
18,0.6611,0.5540
19,0.6640,0.5219
20,0.6652,0.5506
21,0.6691,0.5196
22,0.6710,0.4856
23,0.6729,0.5557
24,0.6736,0.5538
25,0.6737,0.5285
26,0.6771,0.5098
27,0.6794,0.5603
28,0.6815,0.5081
29,0.6823,0.5574
30,0.6850,0.5331
31,0.6866,0.5421
32,0.6873,0.5326
33,0.6887,0.4842
34,0.6906,0.5606
35,0.6914,0.5266
36,0.6925,0.5267
37,0.6932,0.5604
38,0.6942,0.5506
39,0.6964,0.5461
40,0.6983,0.5439
41,0.6975,0.5414
42,0.7007,0.5562
43,0.7002,0.5624
44,0.7015,0.5400
45,0.7031,0.5290
46,0.7036,0.5643
47,0.7045,0.4246
48,0.7054,0.5286
49,0.7060,0.5117
50,0.7059,0.4913
51,0.7078,0.5418
52,0.7082,0.4765
53,0.7089,0.5235
54,0.7103,0.5570
55,0.7100,0.5396
56,0.7114,0.5339
57,0.7121,0.5427
58,0.7118,0.5512
59,0.7140,0.5624
60,0.7142,0.5029
61,0.7152,0.5271
62,0.7153,0.4678
63,0.7155,0.5643
64,0.7163,0.5349
65,0.7169,0.5596
66,0.7181,0.5561
67,0.7176,0.5327
68,0.7191,0.5507
69,0.7180,0.5685
70,0.7189,0.5521
71,0.7214,0.4837
72,0.7203,0.5220
73,0.7210,0.5612
74,0.7219,0.5615
75,0.7231,0.4900
76,0.7231,0.5688
77,0.7224,0.5225
78,0.7240,0.5305
79,0.7242,0.5290
80,0.7254,0.5654
81,0.7254,0.5637
82,0.7266,0.5550
83,0.7264,0.5260
84,0.7274,0.5547
85,0.7274,0.5469
86,0.7277,0.5588
87,0.7278,0.4626
88,0.7297,0.5448
89,0.7295,0.5461
90,0.7295,0.5750
91,0.7299,0.5440
92,0.7302,0.5262
93,0.7304,0.5336
94,0.7313,0.5583
95,0.7310,0.5081
96,0.7322,0.5391
97,0.7330,0.5191
98,0.7331,0.5492
99,0.7332,0.4933
100,0.7327,0.4814
101,0.7338,0.5516
102,0.7338,0.5027
103,0.7353,0.5201
104,0.7347,0.5343
105,0.7348,0.5061
106,0.7365,0.5524
107,0.7359,0.4940
108,0.7360,0.5017
109,0.7366,0.5499
110,0.7373,0.5524
111,0.7383,0.5288
112,0.7375,0.5580
113,0.7389,0.4005
114,0.7387,0.5103
115,0.7389,0.5467
116,0.7397,0.5090
117,0.7395,0.5121
118,0.7394,0.5427
119,0.7410,0.4995
120,0.7411,0.5213
121,0.7404,0.5557
122,0.7413,0.5151
123,0.7422,0.5589
124,0.7421,0.5088
125,0.7429,0.5499
126,0.7425,0.4144
127,0.7428,0.5601
128,0.7438,0.5544
129,0.7429,0.5580
130,0.7448,0.5423
131,0.7442,0.5647
132,0.7444,0.5654
133,0.7454,0.5366
134,0.7460,0.5282
135,0.7457,0.5605
136,0.7457,0.5537
137,0.7469,0.5405
138,0.7467,0.5066
139,0.7469,0.5556
140,0.7481,0.5591
141,0.7473,0.5520
142,0.7486,0.4981
143,0.7482,0.5356
144,0.7493,0.5512
145,0.7494,0.5328
146,0.7494,0.5573
147,0.7497,0.5353
148,0.7505,0.5439
149,0.7502,0.5665
150,0.7514,0.5580
151,0.7504,0.5303
152,0.7515,0.4545
153,0.7518,0.5106
154,0.7515,0.5340
155,0.7523,0.5497
156,0.7521,0.5145
157,0.7530,0.5195
158,0.7527,0.5222
159,0.7535,0.5453
160,0.7540,0.5008
161,0.7539,0.5574
162,0.7540,0.5527
163,0.7546,0.5608
164,0.7546,0.5039
165,0.7552,0.5207
166,0.7552,0.5335
167,0.7546,0.5603
168,0.7567,0.5555
169,0.7561,0.5433
170,0.7567,0.5596
171,0.7571,0.5269
172,0.7572,0.5449
173,0.7574,0.5013
174,0.7580,0.5520
175,0.7577,0.5421
176,0.7582,0.5445
177,0.7582,0.5407
178,0.7582,0.5171
179,0.7592,0.5180
180,0.7591,0.5564
181,0.7594,0.5106
182,0.7594,0.5293
183,0.7602,0.4972
184,0.7606,0.5066
185,0.7604,0.5124
186,0.7607,0.5502
187,0.7609,0.5570
188,0.7611,0.5042
189,0.7619,0.4957
190,0.7611,0.4816
191,0.7620,0.4427
192,0.7628,0.4443
193,0.7629,0.5522
194,0.7628,0.5186
195,0.7631,0.5411
196,0.7636,0.5606
197,0.7630,0.5537
198,0.7641,0.5455
199,0.7644,0.5532
200,0.7640,0.5342
201,0.7648,0.4588
202,0.7641,0.4847
203,0.7650,0.5544
204,0.7654,0.4834
205,0.7661,0.5632
206,0.7656,0.5009
207,0.7652,0.4976
208,0.7666,0.5580
209,0.7663,0.5387
210,0.7667,0.4912
211,0.7663,0.5650
212,0.7674,0.5537
213,0.7667,0.5454
214,0.7674,0.4998
215,0.7672,0.4247
216,0.7676,0.5175
217,0.7678,0.5375
218,0.7682,0.5291
219,0.7679,0.5050
220,0.7688,0.4860
221,0.7689,0.5421
222,0.7689,0.5342
223,0.7687,0.4839
224,0.7694,0.4930
225,0.7697,0.5550
226,0.7697,0.4653
227,0.7699,0.5395
228,0.7700,0.5523
229,0.7708,0.5524
230,0.7704,0.5331
231,0.7707,0.5360
232,0.7709,0.4671
233,0.7717,0.5480
234,0.7712,0.5054
235,0.7714,0.2938
236,0.7715,0.5501
237,0.7720,0.5500
238,0.7720,0.5576
239,0.7721,0.5270
240,0.7726,0.5195
241,0.7727,0.5407
242,0.7729,0.5572
243,0.7727,0.4873
244,0.7732,0.5350
245,0.7733,0.5537
246,0.7732,0.5306
247,0.7739,0.5332
248,0.7745,0.5119
249,0.7742,0.5599
250,0.7740,0.5486
251,0.7748,0.5259
252,0.7744,0.5167
253,0.7742,0.5192
254,0.7750,0.5088
255,0.7755,0.5547
256,0.7750,0.5388
257,0.7754,0.4948
258,0.7754,0.5161
259,0.7753,0.5189
260,0.7757,0.5567
261,0.7761,0.5553
262,0.7764,0.4784
263,0.7767,0.4929
264,0.7769,0.4923
265,0.7767,0.5282
266,0.7766,0.5137
267,0.7768,0.5561
268,0.7770,0.4628
269,0.7779,0.5441
270,0.7778,0.5666
271,0.7778,0.5528
272,0.7778,0.5389
273,0.7774,0.5408
274,0.7787,0.5348
275,0.7783,0.5156
276,0.7785,0.5394
277,0.7785,0.4987
278,0.7790,0.4478
279,0.7790,0.5483
280,0.7793,0.4174
281,0.7796,0.4856
282,0.7800,0.5144
283,0.7790,0.4973
284,0.7800,0.5606
285,0.7802,0.5472
286,0.7799,0.5004
287,0.7802,0.4969
288,0.7799,0.5225
289,0.7806,0.4806
290,0.7806,0.5457
291,0.7806,0.5223
292,0.7808,0.5391
293,0.7811,0.4333
294,0.7811,0.4442
295,0.7812,0.5384
296,0.7811,0.5009
297,0.7815,0.5327
298,0.7815,0.4754
299,0.7823,0.3321
300,0.7817,0.5182
301,0.7824,0.5285
302,0.7829,0.4909
303,0.7831,0.5377
304,0.7829,0.4598
305,0.7830,0.5530
306,0.7823,0.5253
307,0.7829,0.4067
308,0.7836,0.5625
309,0.7831,0.5327
310,0.7833,0.5053
311,0.7837,0.5470
312,0.7835,0.5496
313,0.7840,0.5296
314,0.7843,0.5528
315,0.7841,0.5388
316,0.7843,0.5490
317,0.7852,0.5434
318,0.7847,0.5083
319,0.7845,0.5566
320,0.7849,0.5381
321,0.7856,0.5208
322,0.7848,0.5198
323,0.7854,0.4774
324,0.7852,0.4922
325,0.7857,0.5602
326,0.7856,0.5154
327,0.7857,0.5531
328,0.7859,0.4430
329,0.7861,0.5289
330,0.7863,0.5572
331,0.7870,0.5417
332,0.7865,0.4258
333,0.7866,0.5487
334,0.7869,0.4974
335,0.7869,0.5612
336,0.7872,0.5533
337,0.7874,0.5321
338,0.7874,0.5299
339,0.7881,0.5463
340,0.7879,0.5349
341,0.7881,0.5418
342,0.7880,0.4558
343,0.7875,0.4829
344,0.7887,0.3917
345,0.7884,0.5031
346,0.7884,0.5280
347,0.7883,0.5527
348,0.7890,0.5595
349,0.7885,0.4787
350,0.7885,0.4759
351,0.7885,0.4798
352,0.7890,0.4730
353,0.7894,0.5484
354,0.7893,0.5072
355,0.7891,0.5378
356,0.7894,0.5083
357,0.7901,0.5632
358,0.7895,0.5038
359,0.7898,0.5067
360,0.7902,0.5472
361,0.7904,0.4979
362,0.7907,0.5122
363,0.7902,0.5376
364,0.7906,0.5339
365,0.7912,0.4368
366,0.7907,0.5262
367,0.7909,0.3644
368,0.7911,0.4969
369,0.7909,0.5239
370,0.7913,0.4554
371,0.7915,0.5182
372,0.7915,0.5241
373,0.7921,0.5296
374,0.7914,0.5423
375,0.7919,0.3609
376,0.7925,0.3213
377,0.7920,0.4078
378,0.7928,0.5157
379,0.7925,0.5374
380,0.7926,0.4638
381,0.7930,0.4402
382,0.7926,0.5590
383,0.7928,0.4508
384,0.7940,0.4528
385,0.7927,0.5495
386,0.7933,0.5127
387,0.7936,0.4624
388,0.7937,0.3650
389,0.7935,0.5061
390,0.7939,0.5351
391,0.7936,0.5423
392,0.7938,0.5386
393,0.7942,0.5561
394,0.7946,0.5164
395,0.7943,0.5079
396,0.7945,0.4819
397,0.7940,0.5145
398,0.7945,0.5557
399,0.7951,0.5274
400,0.7948,0.4861
401,0.7944,0.4618
402,0.7952,0.5082
403,0.7953,0.4740
404,0.7954,0.5429
405,0.7954,0.5256
406,0.7948,0.5428
407,0.7958,0.3519
408,0.7957,0.4727
409,0.7957,0.5289
410,0.7959,0.5115
411,0.7958,0.4880
412,0.7963,0.5495
413,0.7964,0.4743
414,0.7965,0.5522
415,0.7963,0.5213
416,0.7965,0.4569
417,0.7966,0.4573
418,0.7967,0.5198
419,0.7970,0.5249
420,0.7971,0.5419
421,0.7968,0.4232
422,0.7970,0.4465
423,0.7974,0.5236
424,0.7974,0.5002
425,0.7975,0.5039
426,0.7976,0.4993
427,0.7974,0.5202
428,0.7983,0.5376
429,0.7982,0.5280
430,0.7981,0.3867
431,0.7980,0.4976
432,0.7983,0.4706
433,0.7982,0.5439
434,0.7979,0.4595
435,0.7985,0.4696
436,0.7987,0.4347
437,0.7989,0.5052
438,0.7988,0.5358
439,0.7988,0.5499
440,0.7992,0.5573
441,0.7988,0.5097
442,0.7991,0.5497
443,0.7993,0.5130
444,0.7991,0.4986
445,0.7994,0.5075
446,0.7995,0.5048
447,0.7996,0.5304
448,0.7998,0.4282
449,0.8000,0.5537
450,0.8000,0.5275
451,0.8001,0.4938
452,0.8004,0.4280
453,0.8004,0.4704
454,0.8004,0.4158
455,0.8006,0.5379
456,0.8006,0.5273
457,0.8011,0.5532
458,0.8013,0.5558
459,0.8008,0.5233
460,0.8009,0.4865
461,0.8012,0.5001
462,0.8010,0.5474
463,0.8016,0.5385
464,0.8014,0.4254
465,0.8016,0.5556
466,0.8014,0.5447
467,0.8017,0.4475
468,0.8017,0.4944
469,0.8017,0.4643
470,0.8022,0.4696
471,0.8022,0.5603
472,0.8018,0.4927
473,0.8021,0.5225
474,0.8024,0.5584
475,0.8016,0.5061
476,0.8023,0.5403
477,0.8027,0.5444
478,0.8027,0.5493
479,0.8030,0.5354
480,0.8029,0.5264
481,0.8029,0.5575
482,0.8030,0.4468
483,0.8026,0.4469
484,0.8033,0.4528
485,0.8032,0.4772
486,0.8038,0.5437
487,0.8031,0.5028
488,0.8034,0.4985
489,0.8033,0.4914
490,0.8037,0.5389
491,0.8042,0.4229
492,0.8036,0.5408
493,0.8041,0.4698
494,0.8043,0.3710
495,0.8046,0.5546
496,0.8040,0.5463
497,0.8043,0.5284
498,0.8046,0.5177
499,0.8049,0.5353
500,0.8043,0.4703
501,0.8049,0.5300
502,0.8049,0.5208
503,0.8050,0.3747
504,0.8047,0.4387
505,0.8048,0.4339
506,0.8051,0.5243
507,0.8056,0.4232
508,0.8054,0.5226
509,0.8056,0.5521
510,0.8054,0.5552
511,0.8055,0.4256
512,0.8057,0.5352
513,0.8059,0.3957
514,0.8058,0.5115
515,0.8061,0.5468
516,0.8061,0.5002
517,0.8060,0.4832
518,0.8062,0.4694
519,0.8064,0.4656
520,0.8064,0.5033
521,0.8068,0.5166
522,0.8069,0.5261
523,0.8070,0.5199
524,0.8067,0.4045
525,0.8070,0.5043
526,0.8067,0.5050
527,0.8070,0.4582
528,0.8067,0.5442
529,0.8073,0.4821
530,0.8065,0.5302
531,0.8070,0.4736
532,0.8078,0.4562
533,0.8068,0.5241
534,0.8073,0.5030
535,0.8072,0.4634
536,0.8079,0.5341
537,0.8077,0.5391
538,0.8077,0.4791
539,0.8079,0.4866
540,0.8078,0.5318
541,0.8079,0.5491
542,0.8079,0.5509
543,0.8082,0.5376
544,0.8073,0.5477
545,0.8086,0.3749
546,0.8082,0.5050
547,0.8081,0.4465
548,0.8085,0.5361
549,0.8085,0.5502
550,0.8092,0.5535
551,0.8089,0.5550
552,0.8082,0.5062
553,0.8087,0.5229
554,0.8092,0.5558
555,0.8091,0.5498
556,0.8091,0.4356
557,0.8094,0.5491
558,0.8094,0.5411
559,0.8093,0.3706
560,0.8092,0.5392
561,0.8095,0.4736
562,0.8098,0.4769
563,0.8096,0.4414
564,0.8090,0.4939
565,0.8104,0.4890
566,0.8102,0.4794
567,0.8099,0.4814
568,0.8098,0.5426
569,0.8101,0.5374
570,0.8102,0.5348
571,0.8103,0.5415
572,0.8102,0.4622
573,0.8105,0.4782
574,0.8108,0.5565
575,0.8108,0.5604
576,0.8100,0.5555
577,0.8109,0.5544
578,0.8104,0.3862
579,0.8110,0.4408
580,0.8108,0.5030
581,0.8108,0.4644
582,0.8108,0.5033
583,0.8113,0.5300
584,0.8108,0.4530
585,0.8116,0.5082
586,0.8114,0.5519
587,0.8113,0.5567
588,0.8114,0.4962
589,0.8114,0.5580
590,0.8114,0.5434
591,0.8117,0.5301
592,0.8115,0.4756
593,0.8116,0.5385
594,0.8124,0.4015
595,0.8119,0.5366
596,0.8120,0.4587
597,0.8124,0.5521
598,0.8123,0.5354
599,0.8120,0.5077
600,0.8126,0.4812
601,0.8126,0.3194
602,0.8125,0.5077
603,0.8123,0.4932
604,0.8120,0.4236
605,0.8124,0.5549
606,0.8129,0.5241
607,0.8127,0.4706
608,0.8132,0.4905
609,0.8128,0.5370
610,0.8131,0.5082
611,0.8132,0.4423
612,0.8134,0.5403
613,0.8129,0.5430
614,0.8132,0.5254
615,0.8137,0.5403
616,0.8124,0.5399
617,0.8132,0.4246
618,0.8134,0.5369
619,0.8137,0.5231
620,0.8136,0.5432
621,0.8138,0.5194
622,0.8135,0.5355
623,0.8137,0.4125
624,0.8141,0.4451
625,0.8143,0.5527
626,0.8141,0.4676
627,0.8140,0.5466
628,0.8139,0.5292
629,0.8136,0.5363
630,0.8138,0.4913
631,0.8143,0.5288
632,0.8146,0.5515
633,0.8145,0.5056
634,0.8144,0.4919
635,0.8147,0.4554
636,0.8149,0.5171
637,0.8146,0.4626
638,0.8143,0.4497
639,0.8151,0.5219
640,0.8149,0.5399
641,0.8143,0.4573
642,0.8147,0.4010
643,0.8152,0.5198
644,0.8148,0.5487
645,0.8150,0.5385
646,0.8149,0.5193
647,0.8152,0.5447
648,0.8151,0.5538
649,0.8150,0.5412
650,0.8158,0.5373
651,0.8154,0.5469
652,0.8154,0.5156
653,0.8156,0.5352
654,0.8154,0.5556
655,0.8159,0.4603
656,0.8155,0.3121
657,0.8162,0.5053
658,0.8161,0.5548
659,0.8155,0.5302
660,0.8160,0.5045
661,0.8164,0.4910
662,0.8164,0.4899
663,0.8160,0.5200
664,0.8158,0.5307
665,0.8168,0.5425
666,0.8163,0.4856
667,0.8166,0.4947
668,0.8165,0.5366
669,0.8165,0.5052
670,0.8172,0.5074
671,0.8169,0.5109
672,0.8169,0.4809
673,0.8170,0.4194
674,0.8169,0.5231
675,0.8174,0.4933
676,0.8172,0.5077
677,0.8169,0.5289
678,0.8166,0.4473
679,0.8170,0.5113
680,0.8172,0.4223
681,0.8174,0.5144
682,0.8176,0.5075
683,0.8172,0.5561
684,0.8174,0.4444
685,0.8176,0.4862
686,0.8172,0.4957
687,0.8173,0.4843
688,0.8178,0.4450
689,0.8178,0.4836
690,0.8179,0.5346
691,0.8177,0.5306
692,0.8184,0.4149
693,0.8180,0.5167
694,0.8177,0.4984
695,0.8183,0.5182
696,0.8179,0.5127
697,0.8183,0.5311
698,0.8186,0.5411
699,0.8183,0.5503
700,0.8185,0.4445
701,0.8183,0.4927
702,0.8185,0.5433
703,0.8185,0.5398
704,0.8184,0.4554
705,0.8186,0.5592
706,0.8186,0.4766
707,0.8190,0.5448
708,0.8190,0.4813
709,0.8191,0.4337
710,0.8188,0.4969
711,0.8194,0.5065
712,0.8186,0.5536
713,0.8190,0.5213
714,0.8194,0.4979
715,0.8198,0.4646
716,0.8194,0.4729
717,0.8196,0.5014
718,0.8195,0.4618
719,0.8195,0.4955
720,0.8196,0.5379
721,0.8199,0.5529
722,0.8200,0.5366
723,0.8196,0.5381
724,0.8194,0.5398
725,0.8200,0.4990
726,0.8197,0.4193
727,0.8198,0.2927
728,0.8198,0.5125
729,0.8197,0.5361
730,0.8202,0.5200
731,0.8200,0.5309
732,0.8205,0.4932
733,0.8194,0.5498
734,0.8204,0.5004
735,0.8201,0.5614
736,0.8203,0.5322
737,0.8203,0.5123
738,0.8207,0.5322
739,0.8203,0.5130
740,0.8207,0.4812
741,0.8204,0.4304
742,0.8211,0.5492
743,0.8206,0.4956
744,0.8210,0.5076
745,0.8205,0.5262
746,0.8207,0.5428
747,0.8207,0.4716
748,0.8208,0.5186
749,0.8212,0.5270
750,0.8207,0.5543
751,0.8212,0.5605
752,0.8211,0.4422
753,0.8212,0.5172
754,0.8210,0.4816
755,0.8215,0.5118
756,0.8206,0.5151
757,0.8217,0.4192
758,0.8216,0.5487
759,0.8208,0.5102
760,0.8218,0.5366
761,0.8215,0.4900
762,0.8216,0.4027
763,0.8217,0.5122
764,0.8214,0.4878
765,0.8213,0.4304
766,0.8221,0.4854
767,0.8219,0.5124
768,0.8219,0.4931
769,0.8214,0.5507
770,0.8223,0.5382
771,0.8222,0.3286
772,0.8219,0.4789
773,0.8219,0.5353
774,0.8221,0.4371
775,0.8222,0.5150
776,0.8225,0.5380
777,0.8218,0.5053
778,0.8224,0.4532
779,0.8222,0.5300
780,0.8225,0.4936
781,0.8227,0.5173
782,0.8223,0.4972
783,0.8224,0.5012
784,0.8225,0.4908
785,0.8229,0.5192
786,0.8228,0.5361
787,0.8230,0.5302
788,0.8231,0.5000
789,0.8231,0.5054
790,0.8230,0.4248
791,0.8231,0.4213
792,0.8231,0.4940
793,0.8228,0.5215
794,0.8234,0.4580
795,0.8232,0.5315
796,0.8229,0.4684
797,0.8236,0.5030
798,0.8232,0.4671
799,0.8236,0.5386
800,0.8231,0.4956
801,0.8236,0.5497
802,0.8237,0.5099
803,0.8234,0.5048
804,0.8235,0.5297
805,0.8233,0.5553
806,0.8239,0.4959
807,0.8238,0.4983
808,0.8242,0.5142
809,0.8238,0.5153
810,0.8239,0.5500
811,0.8242,0.4088
812,0.8236,0.5356
813,0.8243,0.4949
814,0.8240,0.5303
815,0.8239,0.5579
816,0.8238,0.4727
817,0.8241,0.5341
818,0.8239,0.5472
819,0.8243,0.5171
820,0.8244,0.4591
821,0.8247,0.4705
822,0.8237,0.4849
823,0.8248,0.4964
824,0.8246,0.5090
825,0.8251,0.5323
826,0.8243,0.4641
827,0.8246,0.5417
828,0.8245,0.5195
829,0.8250,0.5030
830,0.8246,0.5097
831,0.8245,0.5233
832,0.8250,0.4600
833,0.8250,0.5219
834,0.8249,0.4809
835,0.8248,0.5493
836,0.8252,0.5231
837,0.8253,0.4070
838,0.8251,0.5587
839,0.8254,0.5546
840,0.8251,0.4605
841,0.8253,0.4637
842,0.8255,0.4633
843,0.8252,0.5292
844,0.8256,0.4951
845,0.8258,0.5253
846,0.8254,0.4214
847,0.8258,0.5296
848,0.8256,0.5520
849,0.8257,0.5306
850,0.8256,0.5342
851,0.8258,0.5256
852,0.8259,0.5266
853,0.8257,0.4663
854,0.8258,0.5371
855,0.8258,0.4415
856,0.8259,0.4856
857,0.8263,0.4540
858,0.8256,0.4646
859,0.8259,0.3962
860,0.8260,0.5439
861,0.8261,0.3769
862,0.8261,0.4889
863,0.8263,0.4745
864,0.8264,0.5321
865,0.8260,0.5513
866,0.8256,0.4399
867,0.8268,0.5318
868,0.8261,0.4927
869,0.8267,0.4482
870,0.8268,0.5042
871,0.8262,0.4901
872,0.8262,0.4419
873,0.8268,0.4862
874,0.8268,0.4677
875,0.8267,0.5430
876,0.8264,0.5221
877,0.8269,0.5072
878,0.8263,0.4628
879,0.8270,0.5366
880,0.8271,0.5193
881,0.8264,0.4099
882,0.8270,0.4966
883,0.8272,0.4346
884,0.8269,0.4733
885,0.8269,0.5018
886,0.8272,0.5411
887,0.8273,0.4947
888,0.8275,0.4678
889,0.8271,0.5080
890,0.8277,0.4468
891,0.8272,0.4506
892,0.8270,0.4755
893,0.8277,0.5270
894,0.8274,0.4717
895,0.8275,0.4786
896,0.8275,0.4834
897,0.8276,0.4861
898,0.8274,0.5216
899,0.8273,0.5331
900,0.8273,0.5393
901,0.8279,0.4737
902,0.8278,0.5225
903,0.8278,0.5226
904,0.8271,0.5445
905,0.8274,0.4852
906,0.8281,0.5243
907,0.8279,0.4591
908,0.8276,0.5042
909,0.8281,0.5054
910,0.8281,0.5083
911,0.8284,0.5040
912,0.8280,0.4503
913,0.8285,0.5044
914,0.8285,0.5039
915,0.8282,0.4070
916,0.8284,0.4993
917,0.8284,0.5266
918,0.8287,0.5386
919,0.8281,0.5224
920,0.8279,0.3827
921,0.8287,0.4416
922,0.8287,0.3833
923,0.8286,0.5366
924,0.8287,0.4566
925,0.8283,0.3503
926,0.8288,0.5375
927,0.8286,0.5253
928,0.8289,0.5006
929,0.8286,0.4171
930,0.8286,0.4224
931,0.8289,0.5128
932,0.8285,0.4876
933,0.8287,0.4850
934,0.8288,0.4332
935,0.8284,0.4925
936,0.8293,0.5269
937,0.8293,0.5431
938,0.8290,0.5451
939,0.8289,0.5124
940,0.8290,0.5334
941,0.8290,0.5315
942,0.8295,0.4570
943,0.8292,0.5115
944,0.8289,0.4551
945,0.8296,0.4654
946,0.8293,0.5557
947,0.8295,0.4725
948,0.8296,0.5215
949,0.8299,0.5271
950,0.8293,0.5332
951,0.8295,0.5522
952,0.8293,0.5192
953,0.8299,0.5095
954,0.8296,0.5262
955,0.8298,0.5562
956,0.8297,0.5357
957,0.8301,0.5164
958,0.8290,0.4275
959,0.8295,0.5222
960,0.8301,0.4791
961,0.8298,0.4793
962,0.8294,0.4910
963,0.8299,0.5464
964,0.8300,0.5045
965,0.8299,0.4349
966,0.8302,0.5515
967,0.8305,0.4626
968,0.8305,0.5225
969,0.8302,0.4604
970,0.8300,0.4849
971,0.8304,0.4604
972,0.8301,0.4245
973,0.8299,0.5237
974,0.8305,0.5470
975,0.8304,0.4267
976,0.8301,0.5345
977,0.8306,0.5383
978,0.8306,0.3781
979,0.8306,0.4556
980,0.8308,0.5191
981,0.8305,0.5398
982,0.8304,0.4758
983,0.8308,0.4179
984,0.8304,0.4240
985,0.8311,0.5418
986,0.8304,0.4951
987,0.8312,0.5441
988,0.8306,0.5234
989,0.8311,0.4930
990,0.8312,0.5449
991,0.8303,0.5394
992,0.8312,0.4909
993,0.8315,0.5069
994,0.8311,0.5181
995,0.8309,0.4743
996,0.8308,0.5255
997,0.8313,0.5084
998,0.8314,0.4137
999,0.8317,0.4922
1000,0.8312,0.5205
1001,0.8312,0.5048
1002,0.8313,0.5295
1003,0.8311,0.2865
1004,0.8310,0.5189
1005,0.8316,0.4926
1006,0.8316,0.4690
1007,0.8310,0.5387
1008,0.8319,0.5445
1009,0.8316,0.5219
1010,0.8314,0.4790
1011,0.8314,0.5385
1012,0.8318,0.5227
1013,0.8314,0.4900
1014,0.8318,0.4409
1015,0.8321,0.5567
1016,0.8317,0.4578
1017,0.8314,0.4422
1018,0.8320,0.5556
1019,0.8322,0.5405
1020,0.8324,0.4791
1021,0.8315,0.5028
1022,0.8320,0.5198
1023,0.8322,0.4994
1024,0.8324,0.5046
1025,0.8320,0.5275
1026,0.8324,0.5285
1027,0.8318,0.5344
1028,0.8324,0.5256
1029,0.8323,0.5359
1030,0.8323,0.4695
1031,0.8324,0.5273
1032,0.8325,0.4971
1033,0.8324,0.5242
1034,0.8325,0.5261
1035,0.8328,0.5191
1036,0.8328,0.4850
1037,0.8329,0.4986
1038,0.8329,0.4554
1039,0.8325,0.5019
1040,0.8324,0.4915
1041,0.8329,0.4932
1042,0.8327,0.4071
1043,0.8325,0.5351
1044,0.8325,0.4946
1045,0.8332,0.5410
1046,0.8329,0.3888
1047,0.8324,0.5282
1048,0.8329,0.5479
1049,0.8330,0.5306
1050,0.8328,0.4287
1051,0.8329,0.2846
1052,0.8328,0.5158
1053,0.8331,0.5391
1054,0.8326,0.4045
1055,0.8328,0.5419
1056,0.8332,0.4174
1057,0.8331,0.5462
1058,0.8333,0.5200
1059,0.8335,0.5117
1060,0.8330,0.5555
1061,0.8330,0.5418
1062,0.8330,0.5417
1063,0.8334,0.4777
1064,0.8334,0.4839
1065,0.8333,0.5183
1066,0.8336,0.5057
1067,0.8331,0.5245
1068,0.8336,0.4804
1069,0.8334,0.5243
1070,0.8333,0.4486
1071,0.8337,0.5384
1072,0.8331,0.4378
1073,0.8333,0.5373
1074,0.8334,0.5568
1075,0.8339,0.4350
1076,0.8339,0.5375
1077,0.8336,0.4330
1078,0.8338,0.5414
1079,0.8336,0.5035
1080,0.8335,0.5357
1081,0.8343,0.4258
1082,0.8339,0.5066
1083,0.8340,0.4943
1084,0.8344,0.4737
1085,0.8341,0.4015
1086,0.8343,0.5295
1087,0.8339,0.5260
1088,0.8341,0.5315
1089,0.8341,0.4750
1090,0.8343,0.4636
1091,0.8342,0.5441
1092,0.8346,0.5504
1093,0.8342,0.4813
1094,0.8342,0.5559
1095,0.8345,0.5250
1096,0.8340,0.5613
1097,0.8342,0.3968
1098,0.8345,0.3224
1099,0.8347,0.5483
1100,0.8348,0.4646
1101,0.8340,0.5306
1102,0.8347,0.4356
1103,0.8347,0.5263
1104,0.8348,0.4465
1105,0.8345,0.4676
1106,0.8343,0.5265
1107,0.8347,0.5340
1108,0.8343,0.4430
1109,0.8347,0.5385
1110,0.8349,0.4484
1111,0.8348,0.4997
1112,0.8347,0.5358
1113,0.8346,0.4637
1114,0.8353,0.5129
1115,0.8352,0.4863
1116,0.8350,0.5246
1117,0.8345,0.5529
1118,0.8349,0.4913
1119,0.8353,0.4861
1120,0.8347,0.5311
1121,0.8354,0.5264
1122,0.8347,0.5340
1123,0.8349,0.5132
1124,0.8349,0.5394
1125,0.8351,0.5260
1126,0.8350,0.4697
1127,0.8355,0.5114
1128,0.8349,0.5377
1129,0.8354,0.5201
1130,0.8354,0.5156
1131,0.8351,0.5006
1132,0.8352,0.4317
1133,0.8354,0.5154
1134,0.8354,0.5015
1135,0.8355,0.3635
1136,0.8355,0.5053
1137,0.8352,0.4403
1138,0.8353,0.4544
1139,0.8357,0.5371
1140,0.8352,0.5109
1141,0.8360,0.5473
1142,0.8353,0.5270
1143,0.8352,0.4921
1144,0.8362,0.5496
1145,0.8359,0.5013
1146,0.8357,0.4679
1147,0.8355,0.4835
1148,0.8357,0.4982
1149,0.8359,0.5444
1150,0.8360,0.4860
1151,0.8360,0.5560
1152,0.8359,0.5310
1153,0.8361,0.4622
1154,0.8357,0.4758
1155,0.8358,0.5462
1156,0.8361,0.5452
1157,0.8356,0.4403
1158,0.8357,0.5326
1159,0.8366,0.5229
1160,0.8365,0.4845
1161,0.8361,0.4546
1162,0.8363,0.5169
1163,0.8362,0.5209
1164,0.8362,0.4890
1165,0.8363,0.4211
1166,0.8359,0.5314
1167,0.8363,0.4800
1168,0.8357,0.4755
1169,0.8364,0.5144
1170,0.8367,0.5154
1171,0.8363,0.5181
1172,0.8365,0.5409
1173,0.8364,0.4697
1174,0.8366,0.5246
1175,0.8367,0.5349
1176,0.8366,0.4926
1177,0.8366,0.4670
1178,0.8366,0.4190
1179,0.8368,0.5467
1180,0.8369,0.5410
1181,0.8371,0.4587
1182,0.8366,0.5322
1183,0.8372,0.4926
1184,0.8372,0.3807
1185,0.8367,0.5438
1186,0.8371,0.5409
1187,0.8373,0.4765
1188,0.8370,0.5310
1189,0.8368,0.3896
1190,0.8370,0.5148
1191,0.8371,0.5368
1192,0.8372,0.5503
1193,0.8372,0.5058
1194,0.8375,0.4772
1195,0.8365,0.4136
1196,0.8370,0.5416
1197,0.8373,0.5441
1198,0.8373,0.4242
1199,0.8371,0.5422
1200,0.8374,0.5398
1201,0.8370,0.5373
1202,0.8373,0.4656
1203,0.8365,0.5461
1204,0.8373,0.4169
1205,0.8372,0.5458
1206,0.8375,0.5350
1207,0.8379,0.5313
1208,0.8372,0.5100
1209,0.8374,0.4583
1210,0.8376,0.5011
1211,0.8376,0.5379
1212,0.8372,0.5184
1213,0.8376,0.4487
1214,0.8377,0.3881
1215,0.8375,0.4387
1216,0.8365,0.5378
1217,0.8386,0.4448
1218,0.8375,0.5344
1219,0.8370,0.4454
1220,0.8382,0.5203
1221,0.8378,0.5024
1222,0.8380,0.5151
1223,0.8377,0.5194
1224,0.8381,0.4589
1225,0.8375,0.4936
1226,0.8380,0.5285
1227,0.8380,0.5165
1228,0.8376,0.5368
1229,0.8381,0.5400
1230,0.8379,0.4660
1231,0.8374,0.4554
1232,0.8382,0.5087
1233,0.8385,0.4729
1234,0.8382,0.4863
1235,0.8378,0.4758
1236,0.8384,0.4594
1237,0.8384,0.5348
1238,0.8377,0.4606
1239,0.8382,0.4724
1240,0.8385,0.5068
1241,0.8382,0.5142
1242,0.8379,0.4969
1243,0.8382,0.4874
1244,0.8383,0.5213
1245,0.8385,0.4704
1246,0.8389,0.5327
1247,0.8376,0.5296
1248,0.8387,0.5191
1249,0.8382,0.5396
1250,0.8381,0.5502
1251,0.8385,0.5284
1252,0.8380,0.5270
1253,0.8387,0.4822
1254,0.8386,0.5513
1255,0.8387,0.4824
1256,0.8384,0.5572
1257,0.8389,0.5435
1258,0.8389,0.4721
1259,0.8389,0.5217
1260,0.8388,0.4484
1261,0.8392,0.4918
1262,0.8389,0.4506
1263,0.8388,0.5355
1264,0.8386,0.5126
1265,0.8389,0.5525
1266,0.8388,0.5268
1267,0.8388,0.4652
1268,0.8390,0.4379
1269,0.8392,0.4511
1270,0.8392,0.4789
1271,0.8390,0.5422
1272,0.8393,0.4782
1273,0.8389,0.4768
1274,0.8394,0.5550
1275,0.8385,0.5164
1276,0.8392,0.4273
1277,0.8392,0.5547
1278,0.8388,0.5352
1279,0.8383,0.4312
1280,0.8396,0.4550
1281,0.8395,0.5311
1282,0.8394,0.4289
1283,0.8393,0.5329
1284,0.8393,0.4963
1285,0.8390,0.5254
1286,0.8392,0.4391
1287,0.8398,0.5132
1288,0.8397,0.4355
1289,0.8391,0.5254
1290,0.8399,0.5066
1291,0.8394,0.5269
1292,0.8394,0.5497
1293,0.8394,0.4346
1294,0.8392,0.5419
1295,0.8398,0.5340
1296,0.8398,0.5244
1297,0.8391,0.4706
1298,0.8398,0.5144
1299,0.8390,0.5157
1300,0.8398,0.3981
1301,0.8397,0.5037
1302,0.8397,0.5319
1303,0.8394,0.4535
1304,0.8402,0.4864
1305,0.8400,0.5238
1306,0.8397,0.5083
1307,0.8400,0.5377
1308,0.8398,0.4723
1309,0.8397,0.5262
1310,0.8399,0.3947
1311,0.8400,0.4862
1312,0.8397,0.3837
1313,0.8402,0.5322
1314,0.8401,0.4019
1315,0.8404,0.2872
1316,0.8405,0.4135
1317,0.8394,0.4927
1318,0.8403,0.4079
1319,0.8399,0.4708
1320,0.8401,0.4775
1321,0.8400,0.4881
1322,0.8402,0.4849
1323,0.8399,0.5481
1324,0.8404,0.4606
1325,0.8402,0.4446
1326,0.8400,0.5391
1327,0.8409,0.5432
1328,0.8397,0.4896
1329,0.8402,0.5159
1330,0.8408,0.5131
1331,0.8405,0.3872
1332,0.8404,0.5519
1333,0.8403,0.5037
1334,0.8406,0.5428
1335,0.8406,0.5130
1336,0.8402,0.5436
1337,0.8404,0.4816
1338,0.8408,0.4528
1339,0.8409,0.4611
1340,0.8403,0.5037
1341,0.8406,0.5315
1342,0.8403,0.5007
1343,0.8413,0.4972
1344,0.8403,0.4743
1345,0.8406,0.4249
1346,0.8409,0.3330
1347,0.8405,0.4824
1348,0.8409,0.4581
1349,0.8410,0.5022
1350,0.8410,0.4734
1351,0.8413,0.5354
1352,0.8411,0.4913
1353,0.8406,0.4369
1354,0.8413,0.4633
1355,0.8410,0.5042
1356,0.8410,0.5401
1357,0.8406,0.5262
1358,0.8412,0.5458
1359,0.8409,0.5337
1360,0.8413,0.4729
1361,0.8411,0.5113
1362,0.8411,0.5273
1363,0.8416,0.3391
1364,0.8408,0.4941
1365,0.8412,0.4167
1366,0.8412,0.5360
1367,0.8411,0.5424
1368,0.8415,0.4019
1369,0.8414,0.5321
1370,0.8412,0.4527
1371,0.8412,0.5506
1372,0.8409,0.4720
1373,0.8407,0.5221
1374,0.8414,0.4952
1375,0.8413,0.5067
1376,0.8414,0.4528
1377,0.8416,0.5222
1378,0.8415,0.5079
1379,0.8411,0.5302
1380,0.8417,0.5488
1381,0.8420,0.5406
1382,0.8418,0.5235
1383,0.8416,0.5153
1384,0.8417,0.5407
1385,0.8419,0.4169
1386,0.8420,0.5520
1387,0.8413,0.5376
1388,0.8413,0.4832
1389,0.8419,0.5413
1390,0.8414,0.5186
1391,0.8417,0.5207
1392,0.8421,0.4819
1393,0.8421,0.4874
1394,0.8419,0.5072
1395,0.8425,0.4550
1396,0.8419,0.4839
1397,0.8422,0.4685
1398,0.8420,0.3765
1399,0.8419,0.5270
1400,0.8423,0.5570
1401,0.8417,0.5021
1402,0.8422,0.5307
1403,0.8417,0.5084
1404,0.8422,0.4397
1405,0.8421,0.5419
1406,0.8415,0.4961
1407,0.8418,0.4848
1408,0.8421,0.5565
1409,0.8421,0.4489
1410,0.8421,0.5428
1411,0.8419,0.5036
1412,0.8424,0.5455
1413,0.8421,0.4355
1414,0.8422,0.5472
1415,0.8417,0.4953
1416,0.8426,0.5565
1417,0.8423,0.5221
1418,0.8425,0.5371
1419,0.8424,0.4847
1420,0.8426,0.5285
1421,0.8422,0.4278
1422,0.8416,0.5386
1423,0.8429,0.5245
1424,0.8427,0.5213
1425,0.8421,0.5197
1426,0.8420,0.4618
1427,0.8422,0.4299
1428,0.8422,0.5316
1429,0.8425,0.4339
1430,0.8423,0.4957
1431,0.8426,0.4826
1432,0.8427,0.5074
1433,0.8430,0.4484
1434,0.8424,0.5270
1435,0.8428,0.4974
1436,0.8425,0.4724
1437,0.8427,0.5150
1438,0.8425,0.5326
1439,0.8428,0.4242
1440,0.8427,0.4300
1441,0.8427,0.4650
1442,0.8429,0.4153
1443,0.8430,0.4817
1444,0.8430,0.5069
1445,0.8425,0.4295
1446,0.8426,0.5535
1447,0.8431,0.5058
1448,0.8434,0.5205
1449,0.8431,0.4917
1450,0.8427,0.5287
1451,0.8431,0.5034
1452,0.8430,0.4891
1453,0.8427,0.4188
1454,0.8429,0.4742
1455,0.8430,0.5334
1456,0.8435,0.5331
1457,0.8429,0.4332
1458,0.8434,0.4554
1459,0.8431,0.5400
1460,0.8433,0.5165
1461,0.8432,0.4975
1462,0.8433,0.5308
1463,0.8436,0.4867
1464,0.8434,0.4552
1465,0.8434,0.5133
1466,0.8426,0.5153
1467,0.8439,0.4684
1468,0.8428,0.4540
1469,0.8435,0.5070
1470,0.8432,0.4843
1471,0.8436,0.5574
1472,0.8433,0.5288
1473,0.8438,0.5506
1474,0.8437,0.5173
1475,0.8432,0.5524
1476,0.8433,0.4962
1477,0.8432,0.5416
1478,0.8438,0.5388
1479,0.8434,0.5025
1480,0.8430,0.4937
1481,0.8440,0.5228
1482,0.8441,0.5060
1483,0.8435,0.4005
1484,0.8435,0.5038
1485,0.8435,0.5441
1486,0.8437,0.5098
1487,0.8436,0.4900
1488,0.8432,0.5255
1489,0.8433,0.5469
1490,0.8438,0.4964
1491,0.8440,0.4803
1492,0.8436,0.5540
1493,0.8435,0.4640
1494,0.8443,0.5365
1495,0.8438,0.4515
1496,0.8438,0.4995
1497,0.8431,0.5300
1498,0.8439,0.3988
1499,0.8438,0.5049
1500,0.8438,0.4694
1501,0.8442,0.4654
1502,0.8440,0.5094
1503,0.8436,0.3888
1504,0.8440,0.5323
1505,0.8438,0.4950
1506,0.8441,0.5448
1507,0.8439,0.5348
1508,0.8442,0.5354
1509,0.8439,0.4882
1510,0.8440,0.5276
1511,0.8443,0.4428
1512,0.8440,0.4628
1513,0.8443,0.3881
1514,0.8441,0.4941
1515,0.8445,0.4145
1516,0.8446,0.5336
1517,0.8441,0.5174
1518,0.8446,0.4613
1519,0.8446,0.4776
1520,0.8444,0.4911
1521,0.8442,0.5205
1522,0.8439,0.4485
1523,0.8444,0.5273
1524,0.8444,0.4328
1525,0.8436,0.5079
1526,0.8441,0.4912
1527,0.8442,0.5446
1528,0.8443,0.5414
1529,0.8447,0.4111
1530,0.8446,0.5100
1531,0.8445,0.5420
1532,0.8448,0.3768
1533,0.8449,0.5330
1534,0.8444,0.5128
1535,0.8447,0.4236
1536,0.8450,0.5154
1537,0.8446,0.4047
1538,0.8449,0.5196
1539,0.8447,0.5051
1540,0.8446,0.5321
1541,0.8445,0.5476
1542,0.8445,0.4200
1543,0.8451,0.5170
1544,0.8446,0.5394
1545,0.8449,0.5341
1546,0.8451,0.5094
1547,0.8442,0.4880
1548,0.8452,0.5055
1549,0.8454,0.4292
1550,0.8454,0.3559
1551,0.8445,0.4898
1552,0.8443,0.4988
1553,0.8435,0.4183
1554,0.8458,0.4753
1555,0.8449,0.4962
1556,0.8447,0.5210
1557,0.8452,0.4873
1558,0.8451,0.4909
1559,0.8452,0.5186
1560,0.8450,0.4388
1561,0.8447,0.4927
1562,0.8451,0.5484
1563,0.8452,0.4987
1564,0.8449,0.4949
1565,0.8450,0.5452
1566,0.8448,0.4585
1567,0.8454,0.4383
1568,0.8453,0.4312
1569,0.8446,0.5176
1570,0.8454,0.4468
1571,0.8453,0.5443
1572,0.8440,0.5378
1573,0.8458,0.4691
1574,0.8450,0.4744
1575,0.8454,0.4963
1576,0.8455,0.4840
1577,0.8455,0.4794
1578,0.8457,0.5013
1579,0.8443,0.5025
1580,0.8456,0.4930
1581,0.8453,0.5107
1582,0.8460,0.5268
1583,0.8454,0.4979
1584,0.8447,0.4718
1585,0.8450,0.4735
1586,0.8453,0.5467
1587,0.8455,0.3795
1588,0.8447,0.5349
1589,0.8460,0.3627
1590,0.8448,0.4782
1591,0.8457,0.4794
1592,0.8455,0.5137
1593,0.8459,0.5331
1594,0.8457,0.5227
1595,0.8452,0.5384
1596,0.8457,0.5264
1597,0.8458,0.5183
1598,0.8456,0.5390
1599,0.8455,0.5023
1600,0.8457,0.5157
1601,0.8456,0.4610
1602,0.8458,0.4929
1603,0.8460,0.4609
1604,0.8448,0.5249
1605,0.8464,0.4692
1606,0.8459,0.5450
1607,0.8458,0.3790
1608,0.8461,0.5228
1609,0.8455,0.5120
1610,0.8459,0.4934
1611,0.8461,0.4310
1612,0.8461,0.4193
1613,0.8463,0.4916
1614,0.8461,0.5375
1615,0.8458,0.5045
1616,0.8461,0.4295
1617,0.8462,0.4891
1618,0.8462,0.5294
1619,0.8448,0.5472
1620,0.8461,0.4998
1621,0.8463,0.5071
1622,0.8452,0.5233
1623,0.8452,0.3483
1624,0.8468,0.5094
1625,0.8461,0.5291
1626,0.8462,0.5558
1627,0.8463,0.5526
1628,0.8463,0.4777
1629,0.8462,0.5258
1630,0.8460,0.5229
1631,0.8461,0.5161
1632,0.8464,0.4909
1633,0.8465,0.4983
1634,0.8462,0.4822
1635,0.8462,0.4824
1636,0.8466,0.4915
1637,0.8455,0.5008
1638,0.8466,0.4697
1639,0.8464,0.4310
1640,0.8461,0.5254
1641,0.8464,0.5084
1642,0.8454,0.5236
1643,0.8469,0.2928
1644,0.8467,0.5039
1645,0.8460,0.4686
1646,0.8467,0.5003
1647,0.8465,0.5362
1648,0.8467,0.4978
1649,0.8472,0.5390
1650,0.8468,0.5404
1651,0.8465,0.5232
1652,0.8468,0.5264
1653,0.8462,0.4877
1654,0.8470,0.5365
1655,0.8468,0.4990
1656,0.8471,0.5102
1657,0.8466,0.4891
1658,0.8466,0.3872
1659,0.8466,0.5002
1660,0.8470,0.3969
1661,0.8467,0.4842
1662,0.8466,0.4392
1663,0.8469,0.5506
1664,0.8466,0.4710
1665,0.8463,0.5557
1666,0.8476,0.4808
1667,0.8464,0.5336
1668,0.8469,0.4827
1669,0.8473,0.5327
1670,0.8470,0.5299
1671,0.8469,0.4260
1672,0.8469,0.5250
1673,0.8467,0.4913
1674,0.8471,0.5100
1675,0.8471,0.4650
1676,0.8472,0.5182
1677,0.8475,0.4336
1678,0.8464,0.4997
1679,0.8472,0.4783
1680,0.8474,0.4712
1681,0.8472,0.4315
1682,0.8465,0.5396
1683,0.8474,0.4350
1684,0.8472,0.5182
1685,0.8466,0.5032
1686,0.8475,0.4028
1687,0.8474,0.4921
1688,0.8474,0.4893
1689,0.8470,0.5185
1690,0.8468,0.5027
1691,0.8475,0.5395
1692,0.8476,0.4977
1693,0.8472,0.5568
1694,0.8472,0.4729
1695,0.8470,0.5439
1696,0.8473,0.5418
1697,0.8476,0.4649
1698,0.8473,0.5278
1699,0.8474,0.4139
1700,0.8481,0.5131
1701,0.8474,0.5040
1702,0.8476,0.5123
1703,0.8472,0.4575
1704,0.8477,0.4007
1705,0.8479,0.4576
1706,0.8479,0.4892
1707,0.8476,0.4622
1708,0.8474,0.4930
1709,0.8475,0.4757
1710,0.8477,0.4154
1711,0.8480,0.3641
1712,0.8476,0.5218
1713,0.8476,0.5364
1714,0.8477,0.4570
1715,0.8475,0.4750
1716,0.8476,0.5469
1717,0.8480,0.5136
1718,0.8479,0.4492
1719,0.8479,0.3530
1720,0.8474,0.4804
1721,0.8479,0.4960
1722,0.8475,0.4953
1723,0.8479,0.4986
1724,0.8480,0.5247
1725,0.8479,0.5091
1726,0.8478,0.5207
1727,0.8481,0.4666
1728,0.8482,0.5217
1729,0.8476,0.5149
1730,0.8480,0.4270
1731,0.8476,0.4585
1732,0.8483,0.5464
1733,0.8483,0.5041
1734,0.8482,0.5214
1735,0.8485,0.5195
1736,0.8475,0.5092
1737,0.8481,0.5074
1738,0.8480,0.5531
1739,0.8478,0.4869
1740,0.8482,0.4576
1741,0.8484,0.4708
1742,0.8479,0.5346
1743,0.8488,0.4248
1744,0.8482,0.5342
1745,0.8484,0.5366
1746,0.8467,0.4995
1747,0.8484,0.3631
1748,0.8485,0.4841
1749,0.8486,0.4755
1750,0.8481,0.5331
1751,0.8484,0.5243
1752,0.8478,0.5133
1753,0.8487,0.4528
1754,0.8485,0.4676
1755,0.8482,0.5000
1756,0.8488,0.5424
1757,0.8483,0.5163
1758,0.8486,0.4586
1759,0.8486,0.5404
1760,0.8487,0.5354
1761,0.8484,0.4692
1762,0.8486,0.4617
1763,0.8484,0.4938
1764,0.8480,0.3857
1765,0.8490,0.4855
1766,0.8486,0.5036
1767,0.8486,0.5142
1768,0.8489,0.5224
1769,0.8484,0.4574
1770,0.8489,0.4444
1771,0.8486,0.4928
1772,0.8486,0.5184
1773,0.8488,0.5101
1774,0.8487,0.5481
1775,0.8482,0.4533
1776,0.8493,0.5051
1777,0.8491,0.5103
1778,0.8485,0.4935
1779,0.8485,0.4390
1780,0.8489,0.5364
1781,0.8489,0.5455
1782,0.8487,0.4379
1783,0.8486,0.4488
1784,0.8489,0.5368
1785,0.8489,0.4961
1786,0.8493,0.4687
1787,0.8492,0.4579
1788,0.8484,0.4670
1789,0.8484,0.3776
1790,0.8493,0.4981
1791,0.8490,0.3996
1792,0.8492,0.5262
1793,0.8489,0.4264
1794,0.8492,0.4346
1795,0.8491,0.5265
1796,0.8493,0.4683
1797,0.8491,0.4271
1798,0.8496,0.5059
1799,0.8493,0.5395
1800,0.8491,0.3794
1801,0.8491,0.5506
1802,0.8490,0.4656
1803,0.8495,0.5190
1804,0.8493,0.4723
1805,0.8493,0.4682
1806,0.8492,0.4825
1807,0.8492,0.5074
1808,0.8496,0.4124
1809,0.8491,0.4757
1810,0.8495,0.4933
1811,0.8480,0.4775
1812,0.8497,0.5368
1813,0.8501,0.4748
1814,0.8492,0.5210
1815,0.8494,0.5028
1816,0.8485,0.4671
1817,0.8498,0.4567
1818,0.8497,0.5418
1819,0.8492,0.4568
1820,0.8494,0.5498
1821,0.8495,0.4877
1822,0.8498,0.4795
1823,0.8487,0.5239
1824,0.8499,0.4702
1825,0.8496,0.5271
1826,0.8494,0.5165
1827,0.8496,0.4946
1828,0.8497,0.4579
1829,0.8497,0.5174
1830,0.8493,0.5254
1831,0.8496,0.5017
1832,0.8499,0.5133
1833,0.8497,0.4792
1834,0.8481,0.4925
1835,0.8498,0.4767
1836,0.8497,0.5198
1837,0.8496,0.3502
1838,0.8484,0.5059
1839,0.8503,0.5021
1840,0.8491,0.5158
1841,0.8495,0.4241
1842,0.8498,0.5235
1843,0.8498,0.4933
1844,0.8498,0.4641
1845,0.8504,0.4914
1846,0.8497,0.5306
1847,0.8499,0.5176
1848,0.8494,0.5370
1849,0.8500,0.3643
1850,0.8500,0.4778
1851,0.8503,0.3945
1852,0.8499,0.4752
1853,0.8502,0.4134
1854,0.8499,0.4839
1855,0.8503,0.5055
1856,0.8500,0.4800
1857,0.8500,0.4295
1858,0.8496,0.4803
1859,0.8501,0.5093
1860,0.8499,0.3876
1861,0.8472,0.5007
1862,0.8496,0.4415
1863,0.8516,0.4955
1864,0.8493,0.5152
1865,0.8505,0.5289
1866,0.8496,0.5274
1867,0.8498,0.3725
1868,0.8505,0.4612
1869,0.8499,0.5053
1870,0.8500,0.5235
1871,0.8503,0.5200
1872,0.8506,0.5333
1873,0.8504,0.4928
1874,0.8500,0.4197
1875,0.8500,0.3008
1876,0.8499,0.5053
1877,0.8504,0.5031
1878,0.8500,0.5410
1879,0.8493,0.5133
1880,0.8511,0.5011
1881,0.8504,0.5260
1882,0.8506,0.5265
1883,0.8507,0.4981
1884,0.8502,0.5064
1885,0.8505,0.5336
1886,0.8501,0.3954
1887,0.8502,0.4586
1888,0.8495,0.5268
1889,0.8502,0.3584
1890,0.8509,0.5056
1891,0.8506,0.5254
1892,0.8506,0.5391
1893,0.8501,0.4990
1894,0.8503,0.4646
1895,0.8508,0.5240
1896,0.8503,0.3721
1897,0.8508,0.4987
1898,0.8504,0.4954
1899,0.8498,0.4160
1900,0.8510,0.4445
1901,0.8505,0.4954
1902,0.8503,0.5088
1903,0.8507,0.4938
1904,0.8502,0.4385
1905,0.8505,0.4912
1906,0.8513,0.4107
1907,0.8511,0.4011
1908,0.8502,0.4102
1909,0.8504,0.5225
1910,0.8504,0.4821
1911,0.8509,0.4864
1912,0.8504,0.4799
1913,0.8510,0.5196
1914,0.8510,0.5422
1915,0.8505,0.4502
1916,0.8498,0.4141
1917,0.8510,0.4603
1918,0.8507,0.3654
1919,0.8508,0.4324
1920,0.8513,0.5434
1921,0.8505,0.5467
1922,0.8509,0.4936
1923,0.8510,0.4709
1924,0.8508,0.4961
1925,0.8502,0.5463
1926,0.8516,0.5516
1927,0.8509,0.4840
1928,0.8511,0.5236
1929,0.8513,0.4977
1930,0.8513,0.5068
1931,0.8515,0.5124
1932,0.8512,0.5309
1933,0.8514,0.4681
1934,0.8511,0.5465
1935,0.8509,0.4928
1936,0.8513,0.5064
1937,0.8510,0.4716
1938,0.8514,0.4700
1939,0.8509,0.5026
1940,0.8512,0.5485
1941,0.8514,0.5282
1942,0.8512,0.4887
1943,0.8518,0.4604
1944,0.8514,0.4183
1945,0.8517,0.5012
1946,0.8515,0.5128
1947,0.8513,0.5075
1948,0.8512,0.4782
1949,0.8516,0.5183
1950,0.8515,0.4193
1951,0.8504,0.5527
1952,0.8516,0.4636
1953,0.8513,0.4804
1954,0.8516,0.4140
1955,0.8517,0.4956
1956,0.8513,0.5307
1957,0.8515,0.5454
1958,0.8516,0.5409
1959,0.8516,0.5039
1960,0.8514,0.5222
1961,0.8511,0.5328
1962,0.8520,0.4773
1963,0.8516,0.4902
1964,0.8519,0.5431
1965,0.8517,0.5426
1966,0.8517,0.5064
1967,0.8513,0.5356
1968,0.8516,0.4699
1969,0.8517,0.5092
1970,0.8515,0.5057
1971,0.8513,0.4927
1972,0.8517,0.4957
1973,0.8514,0.5419
1974,0.8515,0.5022
1975,0.8516,0.4782
1976,0.8518,0.5120
1977,0.8513,0.5043
1978,0.8519,0.5017
1979,0.8520,0.4240
1980,0.8518,0.4946
1981,0.8517,0.5409
1982,0.8518,0.5118
1983,0.8518,0.4573
1984,0.8517,0.4994
1985,0.8520,0.5089
1986,0.8521,0.5203
1987,0.8521,0.4899
1988,0.8516,0.5415
1989,0.8521,0.5172
1990,0.8519,0.4885
1991,0.8518,0.4038
1992,0.8516,0.4330
1993,0.8522,0.3495
1994,0.8519,0.5168
1995,0.8526,0.5180
1996,0.8518,0.5043
1997,0.8519,0.4920
1998,0.8525,0.5217
1999,0.8521,0.4920
2000,0.8518,0.5143
2001,0.8520,0.5309
2002,0.8522,0.4997
2003,0.8518,0.5469
2004,0.8512,0.4937
2005,0.8529,0.5461
2006,0.8525,0.5163
2007,0.8520,0.5185
2008,0.8522,0.5344
2009,0.8521,0.4236
2010,0.8521,0.3576
2011,0.8522,0.4990
2012,0.8524,0.5432
2013,0.8522,0.4605
2014,0.8524,0.4992
2015,0.8521,0.4955
2016,0.8524,0.5522
2017,0.8528,0.4452
2018,0.8525,0.5199
2019,0.8513,0.4663
2020,0.8530,0.5186
2021,0.8525,0.4800
2022,0.8525,0.4174
2023,0.8520,0.4681
2024,0.8523,0.5084
2025,0.8515,0.5294
2026,0.8522,0.5081
2027,0.8526,0.4268
2028,0.8522,0.5358
2029,0.8522,0.5092
2030,0.8527,0.4078
2031,0.8524,0.4980
2032,0.8523,0.5266
2033,0.8522,0.4439
2034,0.8525,0.4522
2035,0.8527,0.4621
2036,0.8523,0.5130
2037,0.8528,0.5070
2038,0.8521,0.4605
2039,0.8530,0.5064
2040,0.8529,0.4439
2041,0.8527,0.5460
2042,0.8529,0.5471
2043,0.8523,0.4105
2044,0.8526,0.4270
2045,0.8527,0.3974
2046,0.8525,0.5018
2047,0.8528,0.5217
2048,0.8526,0.5169
2049,0.8524,0.3926
2050,0.8521,0.4991
2051,0.8529,0.4446
2052,0.8530,0.4814
2053,0.8527,0.5521
2054,0.8523,0.4719
2055,0.8532,0.5468
2056,0.8532,0.4789
2057,0.8524,0.5080
2058,0.8534,0.5309
2059,0.8526,0.4793
2060,0.8527,0.4805
2061,0.8529,0.5297
2062,0.8528,0.4163
2063,0.8531,0.4538
2064,0.8529,0.5096
2065,0.8527,0.5297
2066,0.8531,0.4835
2067,0.8530,0.5300
2068,0.8529,0.5440
2069,0.8530,0.4819
2070,0.8526,0.5199
2071,0.8529,0.3450
2072,0.8526,0.3981
2073,0.8530,0.4271
2074,0.8527,0.5298
2075,0.8534,0.5219
2076,0.8532,0.5133
2077,0.8530,0.5367
2078,0.8535,0.5056
2079,0.8522,0.5214
2080,0.8536,0.5313
2081,0.8530,0.5245
2082,0.8530,0.5345
2083,0.8533,0.5209
2084,0.8498,0.5232
2085,0.8541,0.4599
2086,0.8539,0.4191
2087,0.8534,0.4344
2088,0.8531,0.4378
2089,0.8530,0.4229
2090,0.8521,0.4830
2091,0.8537,0.4941
2092,0.8531,0.5465
2093,0.8522,0.5196
2094,0.8531,0.4638
2095,0.8538,0.4942
2096,0.8526,0.5104
2097,0.8532,0.5233
2098,0.8531,0.5481
2099,0.8535,0.5364
2100,0.8527,0.4323
2101,0.8535,0.5151
2102,0.8532,0.5299
2103,0.8528,0.4526
2104,0.8529,0.4715
2105,0.8526,0.5148
2106,0.8531,0.5101
2107,0.8537,0.5066
2108,0.8534,0.5292
2109,0.8527,0.5209
2110,0.8533,0.5193
2111,0.8534,0.5465
2112,0.8519,0.5122
2113,0.8534,0.5509
2114,0.8541,0.5433
2115,0.8537,0.5490
2116,0.8535,0.4886
2117,0.8536,0.4439
2118,0.8531,0.5427
2119,0.8537,0.4607
2120,0.8515,0.4993
2121,0.8542,0.4065
2122,0.8534,0.4442
2123,0.8534,0.5285
2124,0.8536,0.4870
2125,0.8536,0.5297
2126,0.8538,0.5206
2127,0.8536,0.4797
2128,0.8536,0.5210
2129,0.8536,0.4488
2130,0.8537,0.4946
2131,0.8539,0.4790
2132,0.8541,0.4883
2133,0.8535,0.5179
2134,0.8539,0.5425
2135,0.8534,0.3916
2136,0.8539,0.5052
2137,0.8539,0.4851
2138,0.8499,0.5129
2139,0.8553,0.4762
2140,0.8541,0.5285
2141,0.8535,0.5223
2142,0.8534,0.4708
2143,0.8540,0.4231
2144,0.8527,0.5356
2145,0.8542,0.4913
2146,0.8537,0.4616
2147,0.8538,0.5399
2148,0.8536,0.4910
2149,0.8529,0.5379
2150,0.8544,0.4692
2151,0.8540,0.5097
2152,0.8537,0.4688
2153,0.8542,0.5049
2154,0.8538,0.4696
2155,0.8543,0.4052
2156,0.8541,0.5539
2157,0.8536,0.4677
2158,0.8544,0.4988
2159,0.8537,0.5167
2160,0.8541,0.5053
2161,0.8540,0.5179
2162,0.8540,0.5226
2163,0.8544,0.5020
2164,0.8538,0.5284
2165,0.8542,0.5094
2166,0.8539,0.4455
2167,0.8542,0.5441
2168,0.8546,0.5084
2169,0.8541,0.5177
2170,0.8544,0.5397
2171,0.8541,0.5196
2172,0.8541,0.4183
2173,0.8542,0.5086
2174,0.8545,0.5225
2175,0.8540,0.4669
2176,0.8542,0.5415
2177,0.8545,0.4870
2178,0.8546,0.5169
2179,0.8540,0.4583
2180,0.8541,0.5381
2181,0.8537,0.4185
2182,0.8540,0.5359
2183,0.8544,0.5066
2184,0.8543,0.5056
2185,0.8546,0.5282
2186,0.8543,0.5106
2187,0.8543,0.4875
2188,0.8543,0.5162
2189,0.8545,0.5240
2190,0.8541,0.5099
2191,0.8545,0.5094
2192,0.8543,0.4715
2193,0.8546,0.4794
2194,0.8546,0.5297
2195,0.8547,0.4295
2196,0.8545,0.4894
2197,0.8540,0.4395
2198,0.8551,0.5512
2199,0.8545,0.5334
2200,0.8540,0.5140
2201,0.8548,0.5514
2202,0.8543,0.5397
2203,0.8543,0.5160
2204,0.8548,0.5265
2205,0.8545,0.4971
2206,0.8546,0.5266
2207,0.8542,0.5317
2208,0.8548,0.4578
2209,0.8544,0.5471
2210,0.8548,0.5372
2211,0.8550,0.5107
2212,0.8551,0.5203
2213,0.8539,0.4274
2214,0.8546,0.4932
2215,0.8540,0.5097
2216,0.8545,0.5188
2217,0.8549,0.4388
2218,0.8549,0.5151
2219,0.8547,0.5303
2220,0.8545,0.5391
2221,0.8544,0.4088
2222,0.8543,0.5151
2223,0.8546,0.4520
2224,0.8549,0.4747
2225,0.8545,0.5412
2226,0.8548,0.4466
2227,0.8549,0.4855
2228,0.8550,0.5352
2229,0.8543,0.5501
2230,0.8551,0.4976
2231,0.8551,0.5408
2232,0.8535,0.5192
2233,0.8550,0.4829
2234,0.8555,0.4907
2235,0.8545,0.5157
2236,0.8553,0.3967
2237,0.8545,0.3626
2238,0.8554,0.5211
2239,0.8552,0.5493
2240,0.8543,0.4267
2241,0.8549,0.5121
2242,0.8549,0.4761
2243,0.8555,0.4526
2244,0.8550,0.5256
2245,0.8535,0.5153
2246,0.8560,0.3934
2247,0.8550,0.4817
2248,0.8553,0.4665
2249,0.8552,0.5394
2250,0.8549,0.5017
2251,0.8551,0.4727
2252,0.8554,0.4287
2253,0.8552,0.3921
2254,0.8555,0.5525
2255,0.8546,0.4914
2256,0.8548,0.4706
2257,0.8556,0.5263
2258,0.8549,0.5396
2259,0.8552,0.5457
2260,0.8551,0.4841
2261,0.8551,0.4724
2262,0.8553,0.4724
2263,0.8554,0.5352
2264,0.8547,0.4856
2265,0.8552,0.5529
2266,0.8552,0.5295
2267,0.8557,0.5103
2268,0.8555,0.4916
2269,0.8553,0.4930
2270,0.8547,0.5104
2271,0.8557,0.4942
2272,0.8554,0.5009
2273,0.8553,0.4603
2274,0.8553,0.4961
2275,0.8550,0.5199
2276,0.8545,0.4958
2277,0.8559,0.5270
2278,0.8554,0.5182
2279,0.8554,0.4263
2280,0.8541,0.4551
2281,0.8562,0.4973
2282,0.8554,0.5223
2283,0.8553,0.5400
2284,0.8554,0.5153
2285,0.8555,0.4852
2286,0.8555,0.5147
2287,0.8555,0.4172
2288,0.8556,0.5276
2289,0.8559,0.4708
2290,0.8554,0.4609
2291,0.8553,0.4300
2292,0.8549,0.3998
2293,0.8560,0.5185
2294,0.8554,0.4878
2295,0.8559,0.4995
2296,0.8553,0.4297
2297,0.8560,0.5332
2298,0.8559,0.4974
2299,0.8555,0.5126
2300,0.8556,0.5509
2301,0.8555,0.4671
2302,0.8547,0.4995
2303,0.8560,0.5384
2304,0.8561,0.3984
2305,0.8556,0.3921
2306,0.8562,0.4457
2307,0.8556,0.5242
2308,0.8558,0.4277
2309,0.8560,0.4034
2310,0.8560,0.4736
2311,0.8559,0.5196
2312,0.8556,0.4259
2313,0.8561,0.5369
2314,0.8558,0.4917
2315,0.8549,0.4050
2316,0.8559,0.5326
2317,0.8559,0.5063
2318,0.8559,0.4965
2319,0.8560,0.5346
2320,0.8560,0.4574
2321,0.8558,0.5239
2322,0.8560,0.4457
2323,0.8549,0.4802
2324,0.8568,0.5387
2325,0.8559,0.4512
2326,0.8562,0.5189
2327,0.8561,0.5299
2328,0.8559,0.5185
2329,0.8561,0.5499
2330,0.8558,0.5043
2331,0.8564,0.4635
2332,0.8561,0.5125
2333,0.8561,0.5324
2334,0.8560,0.5401
2335,0.8560,0.3685
2336,0.8563,0.4609
2337,0.8557,0.4678
2338,0.8561,0.4865
2339,0.8560,0.5335
2340,0.8557,0.4641
2341,0.8559,0.5031
2342,0.8560,0.4468
2343,0.8563,0.5200
2344,0.8563,0.5220
2345,0.8558,0.3986
2346,0.8563,0.4147
2347,0.8554,0.4960
2348,0.8561,0.5494
2349,0.8563,0.4670
2350,0.8563,0.3809
2351,0.8566,0.4902
2352,0.8562,0.4165
2353,0.8565,0.4905
2354,0.8552,0.4102
2355,0.8566,0.4854
2356,0.8562,0.5066
2357,0.8553,0.4692
2358,0.8567,0.5269
2359,0.8553,0.5482
2360,0.8571,0.5348
2361,0.8564,0.5206
2362,0.8562,0.5024
2363,0.8559,0.4876
2364,0.8562,0.5340
2365,0.8564,0.4922
2366,0.8562,0.2960
2367,0.8562,0.5081
2368,0.8563,0.5362
2369,0.8562,0.5320
2370,0.8567,0.4660
2371,0.8567,0.5497
2372,0.8561,0.5014
2373,0.8565,0.2917
2374,0.8564,0.5428
2375,0.8565,0.5161
2376,0.8561,0.5189
2377,0.8569,0.5330
2378,0.8567,0.5295
2379,0.8566,0.5042
2380,0.8566,0.5357
2381,0.8568,0.4691
2382,0.8565,0.4845
2383,0.8567,0.3671
2384,0.8568,0.5094
2385,0.8565,0.4969
2386,0.8573,0.3999
2387,0.8561,0.4878
2388,0.8569,0.4799
2389,0.8566,0.5065
2390,0.8567,0.4890
2391,0.8565,0.4637
2392,0.8573,0.5145
2393,0.8562,0.5184
2394,0.8568,0.4924
2395,0.8572,0.5493
2396,0.8571,0.5524
2397,0.8567,0.4687
2398,0.8564,0.5012
2399,0.8569,0.5327
2400,0.8568,0.4733
2401,0.8564,0.5051
2402,0.8572,0.5047
2403,0.8566,0.4815
2404,0.8572,0.4915
2405,0.8569,0.3676
2406,0.8568,0.4847
2407,0.8565,0.5282
2408,0.8559,0.5405
2409,0.8572,0.5008
2410,0.8567,0.5519
2411,0.8570,0.5223
2412,0.8569,0.5105
2413,0.8567,0.5147
2414,0.8566,0.5290
2415,0.8570,0.5014
2416,0.8572,0.5058
2417,0.8571,0.4183
2418,0.8566,0.5119
2419,0.8571,0.5382
2420,0.8572,0.4587
2421,0.8567,0.5152
2422,0.8572,0.4868
2423,0.8567,0.4846
2424,0.8572,0.5289
2425,0.8575,0.5060
2426,0.8569,0.4969
2427,0.8571,0.4921
2428,0.8570,0.4867
2429,0.8567,0.4879
2430,0.8573,0.4221
2431,0.8574,0.5081
2432,0.8568,0.4101
2433,0.8569,0.5552
2434,0.8569,0.5398
2435,0.8570,0.4539
2436,0.8571,0.4561
2437,0.8569,0.5013
2438,0.8574,0.5160
2439,0.8569,0.5331
2440,0.8558,0.4594
2441,0.8575,0.4548
2442,0.8573,0.5202
2443,0.8570,0.4971
2444,0.8569,0.5270
2445,0.8559,0.5441
2446,0.8580,0.5025
2447,0.8573,0.5390
2448,0.8574,0.4759
2449,0.8569,0.5276
2450,0.8570,0.4489
2451,0.8574,0.4129
2452,0.8576,0.5313
2453,0.8574,0.5020
2454,0.8574,0.4383
2455,0.8576,0.4835
2456,0.8572,0.5229
2457,0.8572,0.5192
2458,0.8574,0.3322
2459,0.8573,0.4728
2460,0.8574,0.5194
2461,0.8576,0.5087
2462,0.8567,0.5091
2463,0.8583,0.5380
2464,0.8571,0.5442
2465,0.8569,0.4132
2466,0.8580,0.4838
2467,0.8579,0.3195
2468,0.8578,0.4133
2469,0.8576,0.4371
2470,0.8571,0.5091
2471,0.8574,0.5460
2472,0.8576,0.4583
2473,0.8569,0.5346
2474,0.8561,0.5054
2475,0.8584,0.4864
2476,0.8574,0.5041
2477,0.8577,0.4700
2478,0.8581,0.5189
2479,0.8578,0.4532
2480,0.8571,0.4572
2481,0.8572,0.4222
2482,0.8581,0.4710
2483,0.8576,0.4582
2484,0.8574,0.5243
2485,0.8581,0.2807
2486,0.8574,0.5164
2487,0.8578,0.5143
2488,0.8576,0.5277
2489,0.8576,0.5451
2490,0.8580,0.5209
2491,0.8577,0.4352
2492,0.8574,0.5094
2493,0.8578,0.4997
2494,0.8576,0.4934
2495,0.8572,0.4212
2496,0.8579,0.5310
2497,0.8578,0.4611
2498,0.8575,0.4988
2499,0.8577,0.4795
2500,0.8580,0.5095
2501,0.8558,0.5012
2502,0.8588,0.4510
2503,0.8578,0.5215
2504,0.8577,0.4870
2505,0.8581,0.5432
2506,0.8574,0.5503
2507,0.8581,0.5416
2508,0.8578,0.4809
2509,0.8577,0.5433
2510,0.8568,0.5139
2511,0.8582,0.5434
2512,0.8556,0.4895
2513,0.8589,0.5294
2514,0.8581,0.4876
2515,0.8580,0.4733
2516,0.8579,0.4917
2517,0.8580,0.4860
2518,0.8573,0.5343
2519,0.8576,0.4462
2520,0.8582,0.4108
2521,0.8576,0.4962
2522,0.8576,0.5376
2523,0.8585,0.4585
2524,0.8585,0.5470
2525,0.8578,0.5415
2526,0.8572,0.4546
2527,0.8584,0.5470
2528,0.8580,0.4489
2529,0.8576,0.5408
2530,0.8575,0.5153
2531,0.8585,0.5436
2532,0.8570,0.4850
2533,0.8577,0.5181
2534,0.8584,0.5265
2535,0.8582,0.3929
2536,0.8578,0.5193
2537,0.8584,0.3524
2538,0.8573,0.4287
2539,0.8579,0.3591
2540,0.8580,0.4728
2541,0.8582,0.5183
2542,0.8585,0.5262
2543,0.8581,0.4954
2544,0.8573,0.3324
2545,0.8585,0.5178
2546,0.8581,0.4850
2547,0.8582,0.4888
2548,0.8573,0.5270
2549,0.8588,0.4812
2550,0.8581,0.5455
2551,0.8580,0.4455
2552,0.8586,0.5305
2553,0.8582,0.4814
2554,0.8585,0.4742
2555,0.8584,0.5195
2556,0.8583,0.4950
2557,0.8585,0.4475
2558,0.8581,0.4377
2559,0.8580,0.5482
2560,0.8586,0.4555
2561,0.8583,0.5226
2562,0.8581,0.4963
2563,0.8586,0.4745
2564,0.8580,0.4814
2565,0.8570,0.4931
2566,0.8593,0.5312
2567,0.8584,0.5379
2568,0.8565,0.5211
2569,0.8595,0.4845
2570,0.8586,0.4727
2571,0.8580,0.5244
2572,0.8582,0.3928
2573,0.8587,0.5523
2574,0.8583,0.4345
2575,0.8591,0.4842
2576,0.8582,0.4978
2577,0.8586,0.5096
2578,0.8585,0.5028
2579,0.8582,0.4800
2580,0.8587,0.4534
2581,0.8584,0.4649
2582,0.8580,0.5087
2583,0.8581,0.3945
2584,0.8583,0.4784
2585,0.8586,0.4052
2586,0.8585,0.5298
2587,0.8587,0.4303
2588,0.8585,0.4660
2589,0.8579,0.4981
2590,0.8583,0.5127
2591,0.8590,0.4580
2592,0.8583,0.4792
2593,0.8587,0.4831
2594,0.8590,0.5403
2595,0.8584,0.4726
2596,0.8592,0.5307
2597,0.8587,0.4750
2598,0.8588,0.5437
2599,0.8585,0.3400
2600,0.8590,0.4674
2601,0.8581,0.5240
2602,0.8589,0.4681
2603,0.8592,0.4359
2604,0.8590,0.4019
2605,0.8588,0.5230
2606,0.8584,0.5008
2607,0.8584,0.4813
2608,0.8594,0.5398
2609,0.8590,0.4497
2610,0.8589,0.4376
2611,0.8587,0.4954
2612,0.8587,0.5358
2613,0.8579,0.5098
2614,0.8591,0.5312
2615,0.8592,0.3475
2616,0.8591,0.5143
2617,0.8593,0.4975
2618,0.8590,0.5267
2619,0.8587,0.4590
2620,0.8591,0.5155
2621,0.8592,0.4862
2622,0.8592,0.5367
2623,0.8586,0.5018
2624,0.8590,0.4624
2625,0.8589,0.5508
2626,0.8594,0.5120
2627,0.8584,0.5098
2628,0.8592,0.4780
2629,0.8590,0.4899
2630,0.8586,0.4714
2631,0.8594,0.5315
2632,0.8593,0.4647
2633,0.8592,0.5201
2634,0.8592,0.5139
2635,0.8580,0.4744
2636,0.8594,0.5400
2637,0.8588,0.5078
2638,0.8583,0.5435
2639,0.8593,0.5344
2640,0.8588,0.4446
2641,0.8589,0.5123
2642,0.8591,0.5201
2643,0.8586,0.5250
2644,0.8589,0.4629
2645,0.8588,0.5001
2646,0.8591,0.4333
2647,0.8590,0.4745
2648,0.8592,0.5211
2649,0.8569,0.4939
2650,0.8599,0.5080
2651,0.8591,0.5292
2652,0.8591,0.4725
2653,0.8593,0.5049
2654,0.8594,0.4655
2655,0.8592,0.5164
2656,0.8593,0.5073
2657,0.8591,0.5035
2658,0.8593,0.4420
2659,0.8592,0.5202
2660,0.8587,0.4308
2661,0.8586,0.5331
2662,0.8577,0.5340
2663,0.8597,0.4699
2664,0.8598,0.5243
2665,0.8595,0.5091
2666,0.8594,0.4962
2667,0.8596,0.4543
2668,0.8592,0.5110
2669,0.8577,0.5500
2670,0.8600,0.5273
2671,0.8596,0.5066
2672,0.8594,0.5431
2673,0.8590,0.5410
2674,0.8592,0.5191
2675,0.8588,0.4482
2676,0.8599,0.4993
2677,0.8592,0.4201
2678,0.8598,0.4659
2679,0.8594,0.5222
2680,0.8594,0.5153
2681,0.8575,0.4485
2682,0.8608,0.4680
2683,0.8593,0.4960
2684,0.8596,0.4880
2685,0.8594,0.5213
2686,0.8594,0.5261
2687,0.8597,0.5094
2688,0.8593,0.4740
2689,0.8594,0.4801
2690,0.8599,0.4899
2691,0.8596,0.4806
2692,0.8594,0.5082
2693,0.8590,0.4275
2694,0.8591,0.5213
2695,0.8601,0.4778
2696,0.8596,0.5378
2697,0.8592,0.5204
2698,0.8596,0.4977
2699,0.8598,0.4899
2700,0.8592,0.5368
2701,0.8595,0.5375
2702,0.8601,0.5131
2703,0.8596,0.5098
2704,0.8595,0.5234
2705,0.8600,0.5225
2706,0.8598,0.3479
2707,0.8598,0.4867
2708,0.8596,0.4789
2709,0.8600,0.4421
2710,0.8599,0.4938
2711,0.8597,0.4323
2712,0.8600,0.4882
2713,0.8594,0.5002
2714,0.8588,0.5265
2715,0.8601,0.5155
2716,0.8596,0.4339
2717,0.8598,0.4935
2718,0.8599,0.5256
2719,0.8599,0.4778
2720,0.8598,0.4995
2721,0.8596,0.4955
2722,0.8601,0.5078
2723,0.8587,0.4904
2724,0.8606,0.4128
2725,0.8604,0.4892
2726,0.8602,0.4779
2727,0.8599,0.5248
2728,0.8604,0.5288
2729,0.8601,0.5054
2730,0.8595,0.4023
2731,0.8595,0.4469
2732,0.8602,0.4790
2733,0.8591,0.5083
2734,0.8599,0.4478
2735,0.8602,0.4468
2736,0.8596,0.3215
2737,0.8598,0.5068
2738,0.8598,0.5154
2739,0.8596,0.4648
2740,0.8600,0.4691
2741,0.8599,0.5485
2742,0.8600,0.4620
2743,0.8596,0.5052
2744,0.8604,0.5295
2745,0.8596,0.5101
2746,0.8602,0.5427
2747,0.8603,0.4576
2748,0.8602,0.5075
2749,0.8598,0.5060
2750,0.8597,0.4879
2751,0.8606,0.4877
2752,0.8604,0.5236
2753,0.8603,0.5267
2754,0.8599,0.4692
2755,0.8603,0.4387
2756,0.8598,0.4362
2757,0.8601,0.4539
2758,0.8605,0.4990
2759,0.8590,0.5162
2760,0.8605,0.5226
2761,0.8599,0.5161
2762,0.8600,0.5129
2763,0.8603,0.5256
2764,0.8605,0.5172
2765,0.8603,0.5114
2766,0.8599,0.5158
2767,0.8605,0.5271
2768,0.8588,0.5426
2769,0.8608,0.4330
2770,0.8589,0.5326
2771,0.8607,0.4412
2772,0.8601,0.5305
2773,0.8592,0.4852
2774,0.8609,0.4552
2775,0.8603,0.5231
2776,0.8602,0.5062
2777,0.8604,0.5209
2778,0.8607,0.3078
2779,0.8607,0.4803
2780,0.8601,0.5468
2781,0.8602,0.5031
2782,0.8603,0.4732
2783,0.8609,0.5080
2784,0.8599,0.5159
2785,0.8604,0.4946
2786,0.8606,0.5323
2787,0.8607,0.5232
2788,0.8598,0.4333
2789,0.8603,0.5457
2790,0.8610,0.5003
2791,0.8605,0.3309
2792,0.8608,0.5407
2793,0.8604,0.4828
2794,0.8595,0.5343
2795,0.8610,0.5160
2796,0.8606,0.5418
2797,0.8607,0.4837
2798,0.8607,0.5064
2799,0.8607,0.4783
2800,0.8608,0.5480
2801,0.8605,0.5387
2802,0.8600,0.4846
2803,0.8612,0.5103
2804,0.8604,0.4857
2805,0.8609,0.4291
2806,0.8611,0.5185
2807,0.8606,0.5089
2808,0.8601,0.5213
2809,0.8609,0.5162
2810,0.8609,0.4588
2811,0.8590,0.5043
2812,0.8615,0.5224
2813,0.8606,0.4978
2814,0.8608,0.5221
2815,0.8610,0.5218
2816,0.8604,0.5052
2817,0.8608,0.4932
2818,0.8606,0.4554
2819,0.8605,0.4438
2820,0.8606,0.4165
2821,0.8586,0.5382
2822,0.8616,0.4945
2823,0.8609,0.5256
2824,0.8605,0.5333
2825,0.8606,0.5132
2826,0.8602,0.4912
2827,0.8604,0.4854
2828,0.8610,0.4965
2829,0.8609,0.5396
2830,0.8603,0.5067
2831,0.8611,0.5236
2832,0.8606,0.5174
2833,0.8600,0.5057
2834,0.8607,0.4608
2835,0.8610,0.4325
2836,0.8607,0.5292
2837,0.8609,0.4829
2838,0.8601,0.5466
2839,0.8605,0.5242
2840,0.8611,0.3563
2841,0.8609,0.4659
2842,0.8609,0.4523
2843,0.8605,0.5074
2844,0.8610,0.5391
2845,0.8608,0.4855
2846,0.8606,0.4730
2847,0.8611,0.5178
2848,0.8611,0.4996
2849,0.8606,0.3845
2850,0.8611,0.5149
2851,0.8612,0.4972
2852,0.8612,0.5282
2853,0.8609,0.4799
2854,0.8613,0.5016
2855,0.8610,0.5213
2856,0.8607,0.4703
2857,0.8601,0.5359
2858,0.8614,0.3994
2859,0.8611,0.4961
2860,0.8611,0.5382
2861,0.8612,0.4608
2862,0.8613,0.5252
2863,0.8613,0.4785
2864,0.8612,0.5450
2865,0.8614,0.3424
2866,0.8614,0.4949
2867,0.8604,0.4569
2868,0.8616,0.4808
2869,0.8615,0.5339
2870,0.8609,0.5430
2871,0.8608,0.5119
2872,0.8616,0.5129
2873,0.8616,0.5461
2874,0.8608,0.5318
2875,0.8609,0.4574
2876,0.8611,0.4467
2877,0.8610,0.4179
2878,0.8612,0.4910
2879,0.8605,0.5014
2880,0.8609,0.4435
2881,0.8619,0.5178
2882,0.8595,0.5145
2883,0.8622,0.4273
2884,0.8611,0.4852
2885,0.8608,0.4864
2886,0.8609,0.4645
2887,0.8610,0.5061
2888,0.8620,0.4018
2889,0.8614,0.5406
2890,0.8614,0.4124
2891,0.8608,0.5378
2892,0.8607,0.4846
2893,0.8615,0.4998
2894,0.8615,0.4869
2895,0.8616,0.5324
2896,0.8615,0.5044
2897,0.8610,0.5181
2898,0.8613,0.5201
2899,0.8616,0.5042
2900,0.8611,0.5202
2901,0.8613,0.5145
2902,0.8615,0.5434
2903,0.8614,0.4228
2904,0.8618,0.5134
2905,0.8614,0.5235
2906,0.8615,0.4564
2907,0.8617,0.5206
2908,0.8618,0.4545
2909,0.8615,0.4727
2910,0.8617,0.5261
2911,0.8615,0.5356
2912,0.8611,0.4888
2913,0.8616,0.5327
2914,0.8610,0.3750
2915,0.8621,0.4400
2916,0.8616,0.5096
2917,0.8618,0.4781
2918,0.8615,0.5428
2919,0.8615,0.5468
2920,0.8609,0.5354
2921,0.8619,0.4915
2922,0.8613,0.5496
2923,0.8620,0.5141
2924,0.8610,0.3896
2925,0.8619,0.4409
2926,0.8618,0.4524
2927,0.8613,0.5220
2928,0.8615,0.4069
2929,0.8614,0.4779
2930,0.8619,0.5342
2931,0.8618,0.5232
2932,0.8599,0.5292
2933,0.8627,0.5438
2934,0.8608,0.4723
2935,0.8613,0.5340
2936,0.8612,0.5318
2937,0.8618,0.4417
2938,0.8618,0.5192
2939,0.8615,0.5260
2940,0.8618,0.5526
2941,0.8618,0.4796
2942,0.8617,0.5336
2943,0.8620,0.4505
2944,0.8622,0.5196
2945,0.8619,0.5190
2946,0.8601,0.4594
2947,0.8626,0.5175
2948,0.8621,0.4152
2949,0.8620,0.3222
2950,0.8618,0.4514
2951,0.8619,0.5121
2952,0.8622,0.4870
2953,0.8605,0.5394
2954,0.8622,0.4183
2955,0.8622,0.5359
2956,0.8618,0.5165
2957,0.8596,0.4412
2958,0.8623,0.5198
2959,0.8621,0.4607
2960,0.8620,0.5379
2961,0.8617,0.5091
2962,0.8621,0.5204
2963,0.8616,0.5359
2964,0.8621,0.4749
2965,0.8622,0.5200
2966,0.8617,0.5236
2967,0.8619,0.3747
2968,0.8623,0.5384
2969,0.8619,0.4402
2970,0.8623,0.4651
2971,0.8625,0.5387
2972,0.8617,0.4853
2973,0.8616,0.4865
2974,0.8604,0.5382
2975,0.8632,0.4860
2976,0.8621,0.5464
2977,0.8622,0.5066
2978,0.8620,0.4385
2979,0.8622,0.4862
2980,0.8619,0.5459
2981,0.8619,0.5392
2982,0.8605,0.5390
2983,0.8634,0.4130
2984,0.8622,0.4477
2985,0.8620,0.5251
2986,0.8619,0.5398
2987,0.8611,0.5019
2988,0.8627,0.5154
2989,0.8619,0.4550
2990,0.8616,0.5155
2991,0.8624,0.4767
2992,0.8597,0.4812
2993,0.8633,0.4918
2994,0.8636,0.4827
2995,0.8619,0.4778
2996,0.8620,0.3851
2997,0.8616,0.5263
2998,0.8621,0.5417
2999,0.8621,0.5002
