Epoch,IOU_Train,IOU_Val
0,0.5321,0.3948
1,0.5610,0.5510
2,0.5761,0.4692
3,0.5843,0.5213
4,0.5920,0.5521
5,0.5973,0.5481
6,0.6021,0.5297
7,0.6083,0.4196
8,0.6125,0.5251
9,0.6175,0.5002
10,0.6208,0.4679
11,0.6247,0.4919
12,0.6308,0.5512
13,0.6329,0.4199
14,0.6370,0.4910
15,0.6406,0.4909
16,0.6444,0.3761
17,0.6474,0.5140
18,0.6508,0.5485
19,0.6543,0.3377
20,0.6579,0.5047
21,0.6604,0.4374
22,0.6627,0.5479
23,0.6643,0.5335
24,0.6674,0.3731
25,0.6690,0.4613
26,0.6725,0.4085
27,0.6739,0.3534
28,0.6758,0.4846
29,0.6764,0.2524
30,0.6788,0.3181
31,0.6816,0.1568
32,0.6826,0.4582
33,0.6849,0.4485
34,0.6873,0.3826
35,0.6883,0.5154
36,0.6903,0.3600
37,0.6908,0.2417
38,0.6927,0.4262
39,0.6954,0.4636
40,0.6958,0.3698
41,0.6973,0.3280
42,0.7001,0.3921
43,0.7019,0.3332
44,0.7020,0.5112
45,0.7037,0.3050
46,0.7057,0.5415
47,0.7066,0.4116
48,0.7076,0.2799
49,0.7093,0.3921
50,0.7103,0.3113
51,0.7123,0.4515
52,0.7143,0.4776
53,0.7146,0.2668
54,0.7163,0.5425
55,0.7172,0.2471
56,0.7192,0.2542
57,0.7196,0.4788
58,0.7210,0.2986
59,0.7218,0.2295
60,0.7240,0.3704
61,0.7248,0.2194
62,0.7268,0.3410
63,0.7277,0.2378
64,0.7282,0.4692
65,0.7298,0.2087
66,0.7309,0.2726
67,0.7317,0.3069
68,0.7319,0.4924
69,0.7336,0.4004
70,0.7352,0.3265
71,0.7375,0.3541
72,0.7374,0.1680
73,0.7387,0.2624
74,0.7399,0.4865
75,0.7415,0.3043
76,0.7415,0.2851
77,0.7439,0.5133
78,0.7442,0.2062
79,0.7457,0.3718
80,0.7477,0.2089
81,0.7477,0.2380
82,0.7481,0.4717
83,0.7499,0.2590
84,0.7510,0.2758
85,0.7521,0.3462
86,0.7521,0.3155
87,0.7537,0.5124
88,0.7553,0.4151
89,0.7554,0.4532
90,0.7567,0.3920
91,0.7579,0.1696
92,0.7583,0.2937
93,0.7596,0.1116
94,0.7609,0.3124
95,0.7615,0.2786
96,0.7625,0.4433
97,0.7631,0.3549
98,0.7642,0.3555
99,0.7652,0.3965
100,0.7658,0.2989
101,0.7665,0.3057
102,0.7674,0.3659
103,0.7685,0.4109
104,0.7688,0.4295
105,0.7703,0.2944
106,0.7709,0.3388
107,0.7719,0.3479
108,0.7732,0.2168
109,0.7731,0.2492
110,0.7751,0.3453
111,0.7758,0.2551
112,0.7761,0.1982
113,0.7773,0.2152
114,0.7785,0.3706
115,0.7787,0.3167
116,0.7799,0.3878
117,0.7812,0.3308
118,0.7816,0.4068
119,0.7827,0.4180
120,0.7832,0.3856
121,0.7840,0.4312
122,0.7855,0.4300
123,0.7855,0.1101
124,0.7867,0.3370
125,0.7881,0.1143
126,0.7885,0.3744
127,0.7895,0.2816
128,0.7901,0.3548
129,0.7907,0.3540
130,0.7916,0.2093
131,0.7926,0.2173
132,0.7931,0.2736
133,0.7937,0.2555
134,0.7949,0.2473
135,0.7957,0.3353
136,0.7965,0.3059
137,0.7968,0.2901
138,0.7975,0.3132
139,0.7980,0.4806
140,0.7988,0.3646
141,0.7992,0.3797
142,0.7997,0.1825
143,0.8002,0.3098
144,0.8015,0.4018
145,0.8015,0.4124
146,0.8027,0.2586
147,0.8035,0.2853
148,0.8052,0.3197
149,0.8048,0.2082
150,0.8049,0.3017
151,0.8061,0.1590
152,0.8062,0.3035
153,0.8072,0.2964
154,0.8071,0.1582
155,0.8081,0.3754
156,0.8079,0.3319
157,0.8097,0.3415
158,0.8097,0.3876
159,0.8099,0.2591
160,0.8101,0.2990
161,0.8115,0.3245
162,0.8121,0.3674
163,0.8126,0.2070
164,0.8131,0.4794
165,0.8133,0.4038
166,0.8144,0.4138
167,0.8153,0.3680
168,0.8159,0.2209
169,0.8160,0.2947
170,0.8168,0.1806
171,0.8176,0.1201
172,0.8173,0.4040
173,0.8187,0.2840
174,0.8182,0.1983
175,0.8202,0.3077
176,0.8201,0.2575
177,0.8209,0.1743
178,0.8217,0.2431
179,0.8216,0.2774
180,0.8220,0.2345
181,0.8229,0.4992
182,0.8243,0.2340
183,0.8245,0.3419
184,0.8246,0.1914
185,0.8254,0.3473
186,0.8259,0.3348
187,0.8269,0.1800
188,0.8269,0.2883
189,0.8275,0.2323
190,0.8281,0.3428
191,0.8286,0.3088
192,0.8296,0.4499
193,0.8299,0.1874
194,0.8299,0.2769
195,0.8308,0.3478
196,0.8312,0.3814
197,0.8318,0.3997
198,0.8319,0.2356
199,0.8331,0.1546
200,0.8340,0.3993
201,0.8334,0.2188
202,0.8343,0.3566
203,0.8348,0.2639
204,0.8354,0.1702
205,0.8361,0.2359
206,0.8372,0.4354
207,0.8369,0.2209
208,0.8375,0.4001
209,0.8378,0.0631
210,0.8391,0.2542
211,0.8388,0.3384
212,0.8393,0.3712
213,0.8403,0.4349
214,0.8403,0.3004
215,0.8414,0.2289
216,0.8415,0.3089
217,0.8421,0.3010
218,0.8428,0.3012
219,0.8436,0.3559
220,0.8434,0.3621
221,0.8438,0.4063
222,0.8443,0.3228
223,0.8450,0.2080
224,0.8457,0.3085
225,0.8459,0.4240
226,0.8456,0.2641
227,0.8467,0.3500
228,0.8472,0.2841
229,0.8476,0.3911
230,0.8485,0.4289
231,0.8489,0.2892
232,0.8492,0.2705
233,0.8498,0.2293
234,0.8496,0.3250
235,0.8503,0.1124
236,0.8509,0.2883
237,0.8511,0.3814
238,0.8518,0.4458
239,0.8515,0.2450
240,0.8521,0.3860
241,0.8536,0.3874
242,0.8528,0.1731
243,0.8537,0.4498
244,0.8544,0.2681
245,0.8545,0.3325
246,0.8554,0.3235
247,0.8552,0.2838
248,0.8557,0.3888
249,0.8556,0.1645
250,0.8563,0.3307
251,0.8565,0.2161
252,0.8568,0.1951
253,0.8571,0.2995
254,0.8584,0.3473
255,0.8581,0.2353
256,0.8588,0.2709
257,0.8588,0.4213
258,0.8592,0.2185
259,0.8596,0.4684
260,0.8600,0.3561
261,0.8609,0.2180
262,0.8608,0.1739
263,0.8609,0.3208
264,0.8617,0.1969
265,0.8617,0.1821
266,0.8624,0.2354
267,0.8628,0.1906
268,0.8631,0.1484
269,0.8626,0.2458
270,0.8638,0.4102
271,0.8640,0.3044
272,0.8641,0.3150
273,0.8646,0.4552
274,0.8650,0.2592
275,0.8655,0.2926
276,0.8657,0.1724
277,0.8660,0.3712
278,0.8663,0.2547
279,0.8659,0.2758
280,0.8665,0.2600
281,0.8671,0.3898
282,0.8676,0.2516
283,0.8677,0.2842
284,0.8679,0.2899
285,0.8681,0.4616
286,0.8691,0.3834
287,0.8690,0.2843
288,0.8694,0.2158
289,0.8698,0.4582
290,0.8693,0.3181
291,0.8704,0.3114
292,0.8706,0.2876
293,0.8704,0.3633
294,0.8705,0.3378
295,0.8711,0.2186
296,0.8716,0.3591
297,0.8727,0.4234
298,0.8725,0.2804
299,0.8727,0.1837
300,0.8733,0.1400
301,0.8728,0.3324
302,0.8729,0.2162
303,0.8737,0.4503
304,0.8740,0.1358
305,0.8744,0.3799
306,0.8744,0.1832
307,0.8749,0.2364
308,0.8753,0.2178
309,0.8756,0.2450
310,0.8756,0.3119
311,0.8759,0.2268
312,0.8763,0.3012
313,0.8767,0.3228
314,0.8771,0.3742
315,0.8769,0.3537
316,0.8777,0.4377
317,0.8777,0.2426
318,0.8779,0.2427
319,0.8781,0.3186
320,0.8786,0.2799
321,0.8785,0.3775
322,0.8792,0.1392
323,0.8794,0.2552
324,0.8793,0.3026
325,0.8802,0.4345
326,0.8797,0.2577
327,0.8800,0.2133
328,0.8806,0.3326
329,0.8807,0.1802
330,0.8808,0.3045
331,0.8812,0.3751
332,0.8815,0.3580
333,0.8824,0.3008
334,0.8824,0.2964
335,0.8827,0.1898
336,0.8828,0.3395
337,0.8821,0.3209
338,0.8823,0.2179
339,0.8837,0.2813
340,0.8843,0.2790
341,0.8842,0.3212
342,0.8834,0.4319
343,0.8847,0.2835
344,0.8846,0.1514
345,0.8849,0.2427
346,0.8848,0.1862
347,0.8857,0.3211
348,0.8854,0.1476
349,0.8859,0.2260
350,0.8864,0.4442
351,0.8861,0.3659
352,0.8867,0.2042
353,0.8865,0.2829
354,0.8871,0.2583
355,0.8869,0.3668
356,0.8873,0.2740
357,0.8876,0.2776
358,0.8884,0.3733
359,0.8881,0.4076
360,0.8880,0.3369
361,0.8885,0.3035
362,0.8890,0.4901
363,0.8887,0.4189
364,0.8885,0.1465
365,0.8894,0.2542
366,0.8899,0.2668
367,0.8903,0.3390
368,0.8895,0.2393
369,0.8903,0.2911
370,0.8908,0.4322
371,0.8915,0.0974
372,0.8913,0.2906
373,0.8914,0.3055
374,0.8920,0.1964
375,0.8917,0.2617
376,0.8922,0.1576
377,0.8927,0.2670
378,0.8926,0.2548
379,0.8931,0.4782
380,0.8934,0.3089
381,0.8934,0.1872
382,0.8935,0.2844
383,0.8935,0.2412
384,0.8940,0.2596
385,0.8943,0.3832
386,0.8939,0.3443
387,0.8945,0.2096
388,0.8947,0.1436
389,0.8947,0.3704
390,0.8953,0.3552
391,0.8953,0.3399
392,0.8953,0.3800
393,0.8959,0.2540
394,0.8961,0.2516
395,0.8959,0.3893
396,0.8964,0.2643
397,0.8968,0.1794
398,0.8967,0.4720
399,0.8971,0.3700
400,0.8974,0.3765
401,0.8980,0.2094
402,0.8979,0.1731
403,0.8978,0.1955
404,0.8987,0.1496
405,0.8985,0.1730
406,0.8988,0.2376
407,0.8989,0.4172
408,0.8992,0.4083
409,0.8986,0.4404
410,0.8995,0.3088
411,0.8996,0.2602
412,0.8997,0.3835
413,0.9002,0.2719
414,0.9000,0.2156
415,0.9003,0.2625
416,0.9011,0.2549
417,0.9015,0.2711
418,0.9015,0.3447
419,0.9013,0.2675
420,0.9015,0.2085
421,0.9020,0.2402
422,0.9022,0.3464
423,0.9026,0.3417
424,0.9022,0.4192
425,0.9023,0.3522
426,0.9022,0.3703
427,0.9028,0.3451
428,0.9031,0.1339
429,0.9039,0.3893
430,0.9034,0.3752
431,0.9034,0.3383
432,0.9038,0.3486
433,0.9042,0.2118
434,0.9040,0.1512
435,0.9048,0.1644
436,0.9048,0.3456
437,0.9055,0.3068
438,0.9056,0.3741
439,0.9053,0.3152
440,0.9055,0.2091
441,0.9054,0.2873
442,0.9062,0.1695
443,0.9062,0.0907
444,0.9067,0.3275
445,0.9062,0.3064
446,0.9066,0.1748
447,0.9070,0.4098
448,0.9070,0.1645
449,0.9073,0.2804
450,0.9075,0.2048
451,0.9078,0.4053
452,0.9079,0.1764
453,0.9074,0.2948
454,0.9076,0.4137
455,0.9085,0.2118
456,0.9085,0.2642
457,0.9086,0.4397
458,0.9086,0.1465
459,0.9089,0.4418
460,0.9088,0.2368
461,0.9095,0.3278
462,0.9100,0.2975
463,0.9102,0.3760
464,0.9099,0.2410
465,0.9096,0.3055
466,0.9103,0.2616
467,0.9104,0.3209
468,0.9109,0.2899
469,0.9111,0.2150
470,0.9111,0.2863
471,0.9110,0.3189
472,0.9118,0.2030
473,0.9110,0.2626
474,0.9119,0.3602
475,0.9119,0.1676
476,0.9118,0.4023
477,0.9118,0.3728
478,0.9117,0.2784
479,0.9123,0.2461
480,0.9126,0.4473
481,0.9125,0.1987
482,0.9125,0.2743
483,0.9130,0.1726
484,0.9131,0.3696
485,0.9128,0.2360
486,0.9134,0.3949
487,0.9137,0.2950
488,0.9142,0.3261
489,0.9145,0.1639
490,0.9146,0.2314
491,0.9141,0.2947
492,0.9146,0.2112
493,0.9148,0.3037
494,0.9144,0.2217
495,0.9142,0.3431
496,0.9156,0.2864
497,0.9150,0.3718
498,0.9158,0.3400
499,0.9153,0.2461
500,0.9154,0.3848
501,0.9152,0.3211
502,0.9161,0.3670
503,0.9165,0.1599
504,0.9160,0.2613
505,0.9165,0.3467
506,0.9162,0.1856
507,0.9170,0.2960
508,0.9170,0.2488
509,0.9173,0.3515
510,0.9173,0.3758
511,0.9173,0.2353
512,0.9171,0.2513
513,0.9173,0.3699
514,0.9179,0.1719
515,0.9178,0.3510
516,0.9179,0.3095
517,0.9182,0.1689
518,0.9184,0.2103
519,0.9185,0.3227
520,0.9185,0.1874
521,0.9185,0.3526
522,0.9188,0.2647
523,0.9190,0.2248
524,0.9195,0.2601
525,0.9194,0.3198
526,0.9194,0.2418
527,0.9199,0.4297
528,0.9198,0.2882
529,0.9197,0.2917
530,0.9196,0.3140
531,0.9197,0.2369
532,0.9200,0.2331
533,0.9205,0.4256
534,0.9209,0.1197
535,0.9209,0.1388
536,0.9207,0.2278
537,0.9207,0.2893
538,0.9210,0.1744
539,0.9212,0.2996
540,0.9211,0.3568
541,0.9210,0.4477
542,0.9217,0.3291
543,0.9222,0.2984
544,0.9218,0.2708
545,0.9219,0.1778
546,0.9220,0.2995
547,0.9228,0.3765
548,0.9226,0.2327
549,0.9224,0.2788
550,0.9229,0.3874
551,0.9225,0.2089
552,0.9230,0.4004
553,0.9229,0.2232
554,0.9233,0.2128
555,0.9237,0.1553
556,0.9237,0.2473
557,0.9238,0.3135
558,0.9240,0.2519
559,0.9239,0.2976
560,0.9232,0.1901
561,0.9241,0.2447
562,0.9237,0.1917
563,0.9244,0.1667
564,0.9242,0.2774
565,0.9247,0.2375
566,0.9247,0.3761
567,0.9251,0.2380
568,0.9248,0.2049
569,0.9248,0.4233
570,0.9245,0.3381
571,0.9248,0.3498
572,0.9257,0.2993
573,0.9257,0.2271
574,0.9254,0.2148
575,0.9257,0.2052
576,0.9261,0.1581
577,0.9258,0.1165
578,0.9259,0.3463
579,0.9260,0.2899
580,0.9260,0.2391
581,0.9265,0.2370
582,0.9263,0.2667
583,0.9269,0.3770
584,0.9268,0.4120
585,0.9269,0.2236
586,0.9266,0.2750
587,0.9271,0.3193
588,0.9275,0.2699
589,0.9278,0.2986
590,0.9277,0.3738
591,0.9274,0.2151
592,0.9269,0.3048
593,0.9276,0.3824
594,0.9280,0.3934
595,0.9283,0.2668
596,0.9286,0.2856
597,0.9283,0.2538
598,0.9291,0.4436
599,0.9288,0.3274
600,0.9286,0.1592
601,0.9285,0.1888
602,0.9290,0.3590
603,0.9295,0.3147
604,0.9290,0.3098
605,0.9292,0.3638
606,0.9294,0.2816
607,0.9301,0.4399
608,0.9296,0.3249
609,0.9294,0.2404
610,0.9296,0.2692
611,0.9299,0.3947
612,0.9298,0.3483
613,0.9299,0.2125
614,0.9303,0.1474
615,0.9304,0.4017
616,0.9305,0.2472
617,0.9310,0.2586
618,0.9304,0.3169
619,0.9304,0.2895
620,0.9311,0.3337
621,0.9309,0.3573
622,0.9310,0.3080
623,0.9312,0.2362
624,0.9312,0.2581
625,0.9312,0.2221
626,0.9311,0.1663
627,0.9313,0.4027
628,0.9316,0.1612
629,0.9323,0.3695
630,0.9319,0.2623
631,0.9318,0.1433
632,0.9322,0.2342
633,0.9320,0.3671
634,0.9323,0.1347
635,0.9326,0.3363
636,0.9319,0.3983
637,0.9325,0.3630
638,0.9325,0.2203
639,0.9331,0.2582
640,0.9330,0.3504
641,0.9329,0.2543
642,0.9332,0.2757
643,0.9330,0.3083
644,0.9327,0.2819
645,0.9335,0.3048
646,0.9334,0.4298
647,0.9331,0.1612
648,0.9340,0.2342
649,0.9338,0.1512
650,0.9339,0.2415
651,0.9343,0.4294
652,0.9340,0.2001
653,0.9336,0.2616
654,0.9335,0.1575
655,0.9343,0.2399
656,0.9343,0.1940
657,0.9345,0.2069
658,0.9345,0.3224
659,0.9349,0.2000
660,0.9351,0.2205
661,0.9350,0.1467
662,0.9350,0.3025
663,0.9349,0.2453
664,0.9349,0.1478
665,0.9350,0.1434
666,0.9353,0.2764
667,0.9355,0.2466
668,0.9355,0.1794
669,0.9354,0.3748
670,0.9353,0.3129
671,0.9354,0.2380
672,0.9354,0.1955
673,0.9360,0.2737
674,0.9357,0.3355
675,0.9362,0.3098
676,0.9363,0.2099
677,0.9363,0.2388
678,0.9360,0.2806
679,0.9363,0.2900
680,0.9362,0.2227
681,0.9368,0.4317
682,0.9366,0.2303
683,0.9366,0.2209
684,0.9371,0.1635
685,0.9368,0.1706
686,0.9370,0.3508
687,0.9371,0.2599
688,0.9371,0.3028
689,0.9369,0.1216
690,0.9373,0.3340
691,0.9374,0.1982
692,0.9372,0.1867
693,0.9375,0.3024
694,0.9376,0.3273
695,0.9381,0.2318
696,0.9378,0.1816
697,0.9380,0.1633
698,0.9381,0.2373
699,0.9383,0.2841
700,0.9382,0.3035
701,0.9382,0.2238
702,0.9384,0.2193
703,0.9388,0.1963
704,0.9385,0.2690
705,0.9387,0.1791
706,0.9390,0.2548
707,0.9388,0.1134
708,0.9389,0.2820
709,0.9394,0.2503
710,0.9390,0.1688
711,0.9397,0.3142
712,0.9392,0.2935
713,0.9391,0.3212
714,0.9392,0.1347
715,0.9394,0.2757
716,0.9395,0.2235
717,0.9399,0.2172
718,0.9402,0.2339
719,0.9399,0.3108
720,0.9399,0.3959
721,0.9396,0.1687
722,0.9402,0.2028
723,0.9397,0.3330
724,0.9402,0.2396
725,0.9401,0.3634
726,0.9400,0.2866
727,0.9402,0.3073
728,0.9405,0.2183
729,0.9406,0.3663
730,0.9406,0.4467
731,0.9407,0.3451
732,0.9407,0.3546
733,0.9407,0.2633
734,0.9411,0.2830
735,0.9407,0.2985
736,0.9411,0.1783
737,0.9417,0.2996
738,0.9412,0.1409
739,0.9416,0.3910
740,0.9412,0.1352
741,0.9421,0.1770
742,0.9413,0.2541
743,0.9417,0.1614
744,0.9416,0.2971
745,0.9416,0.2046
746,0.9411,0.2661
747,0.9415,0.1287
748,0.9420,0.2334
749,0.9416,0.3263
750,0.9418,0.1865
751,0.9419,0.3740
752,0.9422,0.3139
753,0.9423,0.2772
754,0.9422,0.3010
755,0.9421,0.1601
756,0.9428,0.2515
757,0.9429,0.2605
758,0.9427,0.2180
759,0.9428,0.1838
760,0.9429,0.2677
761,0.9428,0.1810
762,0.9431,0.2672
763,0.9432,0.4247
764,0.9432,0.3444
765,0.9431,0.2214
766,0.9432,0.2375
767,0.9430,0.1296
768,0.9433,0.3090
769,0.9436,0.1518
770,0.9436,0.2463
771,0.9437,0.4084
772,0.9432,0.2624
773,0.9438,0.2337
774,0.9442,0.2964
775,0.9441,0.1219
776,0.9438,0.2227
777,0.9438,0.2888
778,0.9441,0.1514
779,0.9443,0.3382
780,0.9441,0.2598
781,0.9440,0.2820
782,0.9442,0.1863
783,0.9446,0.1802
784,0.9449,0.2654
785,0.9446,0.2054
786,0.9445,0.2018
787,0.9449,0.4363
788,0.9447,0.2674
789,0.9445,0.2139
790,0.9445,0.3134
791,0.9453,0.1670
792,0.9451,0.2809
793,0.9455,0.2157
794,0.9455,0.3462
795,0.9454,0.2221
796,0.9451,0.2611
797,0.9454,0.1960
798,0.9452,0.2146
799,0.9455,0.1722
800,0.9454,0.3420
801,0.9453,0.3126
802,0.9455,0.2654
803,0.9456,0.2967
804,0.9457,0.2124
805,0.9460,0.3528
806,0.9454,0.3738
807,0.9459,0.2561
808,0.9462,0.2275
809,0.9464,0.1062
810,0.9465,0.3404
811,0.9464,0.2321
812,0.9466,0.3456
813,0.9465,0.2097
814,0.9466,0.3886
815,0.9467,0.2892
816,0.9466,0.2521
817,0.9468,0.2347
818,0.9470,0.1238
819,0.9472,0.2087
820,0.9474,0.2156
821,0.9471,0.2443
822,0.9472,0.2482
823,0.9470,0.2600
824,0.9474,0.2841
825,0.9473,0.3610
826,0.9474,0.4014
827,0.9471,0.3836
828,0.9472,0.3241
829,0.9477,0.2853
830,0.9476,0.2464
831,0.9474,0.3165
832,0.9476,0.2236
833,0.9474,0.3259
834,0.9476,0.3203
835,0.9480,0.2487
836,0.9478,0.2679
837,0.9478,0.4027
838,0.9481,0.2741
839,0.9482,0.2483
840,0.9481,0.1986
841,0.9482,0.2820
842,0.9482,0.2481
843,0.9485,0.2435
844,0.9480,0.1709
845,0.9482,0.2917
846,0.9484,0.3252
847,0.9487,0.1702
848,0.9488,0.2605
849,0.9481,0.2279
850,0.9485,0.1483
851,0.9491,0.1538
852,0.9489,0.3063
853,0.9492,0.2305
854,0.9490,0.3858
855,0.9493,0.2253
856,0.9492,0.3396
857,0.9489,0.2896
858,0.9488,0.1780
859,0.9490,0.1279
860,0.9489,0.3205
861,0.9493,0.2260
862,0.9491,0.2187
863,0.9494,0.2458
864,0.9493,0.2269
865,0.9492,0.1428
866,0.9493,0.1433
867,0.9495,0.1958
868,0.9499,0.3291
869,0.9496,0.1783
870,0.9500,0.1216
871,0.9495,0.2268
872,0.9499,0.1928
873,0.9502,0.2040
874,0.9500,0.3364
875,0.9498,0.3263
876,0.9497,0.1803
877,0.9498,0.3256
878,0.9503,0.2210
879,0.9506,0.2578
880,0.9503,0.1174
881,0.9505,0.4221
882,0.9506,0.3277
883,0.9506,0.1562
884,0.9508,0.2094
885,0.9508,0.3662
886,0.9508,0.3025
887,0.9506,0.2742
888,0.9511,0.3776
889,0.9510,0.3179
890,0.9511,0.3866
891,0.9510,0.1622
892,0.9509,0.1750
893,0.9507,0.2630
894,0.9512,0.2385
895,0.9509,0.2756
896,0.9511,0.2744
897,0.9515,0.2262
898,0.9514,0.2593
899,0.9514,0.3564
900,0.9514,0.1881
901,0.9511,0.3292
902,0.9514,0.2074
903,0.9518,0.2308
904,0.9516,0.2864
905,0.9519,0.3232
906,0.9520,0.2668
907,0.9518,0.2259
908,0.9516,0.2190
909,0.9518,0.3540
910,0.9519,0.3366
911,0.9521,0.3461
912,0.9524,0.2935
913,0.9523,0.2253
914,0.9520,0.3412
915,0.9520,0.3715
916,0.9517,0.2615
917,0.9520,0.3250
918,0.9522,0.1953
919,0.9523,0.1508
920,0.9528,0.3188
921,0.9528,0.2683
922,0.9526,0.3222
923,0.9526,0.3596
924,0.9525,0.2502
925,0.9525,0.2769
926,0.9526,0.2245
927,0.9527,0.1912
928,0.9531,0.3162
929,0.9524,0.1983
930,0.9525,0.2351
931,0.9530,0.2159
932,0.9529,0.3051
933,0.9534,0.2854
934,0.9534,0.3306
935,0.9531,0.2120
936,0.9535,0.3657
937,0.9535,0.2498
938,0.9534,0.2283
939,0.9533,0.3387
940,0.9534,0.3417
941,0.9537,0.3581
942,0.9538,0.2959
943,0.9535,0.2210
944,0.9537,0.2105
945,0.9537,0.4400
946,0.9537,0.3902
947,0.9540,0.4094
948,0.9533,0.3200
949,0.9539,0.1932
950,0.9541,0.2013
951,0.9541,0.4807
952,0.9545,0.3116
953,0.9542,0.2223
954,0.9542,0.2507
955,0.9542,0.2161
956,0.9543,0.3341
957,0.9546,0.4009
958,0.9539,0.4103
959,0.9545,0.2781
960,0.9545,0.3982
961,0.9547,0.2575
962,0.9546,0.2486
963,0.9546,0.3193
964,0.9546,0.2982
965,0.9544,0.2127
966,0.9544,0.3656
967,0.9545,0.1442
968,0.9547,0.1548
969,0.9550,0.2374
970,0.9547,0.1406
971,0.9549,0.1236
972,0.9548,0.1871
973,0.9546,0.3373
974,0.9550,0.2369
975,0.9554,0.2797
976,0.9552,0.2223
977,0.9554,0.1325
978,0.9549,0.3456
979,0.9551,0.1811
980,0.9550,0.2289
981,0.9551,0.1115
982,0.9556,0.3455
983,0.9555,0.2116
984,0.9554,0.1185
985,0.9555,0.2074
986,0.9556,0.2056
987,0.9554,0.1582
988,0.9559,0.3114
989,0.9554,0.1300
990,0.9557,0.3378
991,0.9557,0.2625
992,0.9559,0.2683
993,0.9560,0.1831
994,0.9555,0.3150
995,0.9557,0.3041
996,0.9563,0.2696
997,0.9560,0.2658
998,0.9561,0.2590
999,0.9560,0.3848
1000,0.9563,0.1218
1001,0.9563,0.2226
1002,0.9561,0.2599
1003,0.9562,0.3558
1004,0.9563,0.1409
1005,0.9562,0.1602
1006,0.9567,0.4096
1007,0.9566,0.3651
1008,0.9565,0.1153
1009,0.9564,0.1598
1010,0.9564,0.1832
1011,0.9565,0.3701
1012,0.9564,0.1899
1013,0.9567,0.2653
1014,0.9570,0.3036
1015,0.9570,0.1860
1016,0.9569,0.3104
1017,0.9572,0.1938
1018,0.9570,0.4382
1019,0.9567,0.3819
1020,0.9569,0.2767
1021,0.9570,0.1574
1022,0.9574,0.4133
1023,0.9571,0.2993
1024,0.9572,0.2981
1025,0.9571,0.2524
1026,0.9575,0.3453
1027,0.9572,0.3233
1028,0.9572,0.4708
1029,0.9574,0.3595
1030,0.9578,0.2814
1031,0.9573,0.3031
1032,0.9575,0.2046
1033,0.9579,0.2268
1034,0.9577,0.3583
1035,0.9578,0.1535
1036,0.9578,0.2598
1037,0.9578,0.3152
1038,0.9580,0.1887
1039,0.9578,0.3334
1040,0.9575,0.3529
1041,0.9578,0.2052
1042,0.9582,0.3245
1043,0.9582,0.1623
1044,0.9582,0.3307
1045,0.9578,0.3197
1046,0.9576,0.1770
1047,0.9580,0.2523
1048,0.9583,0.2860
1049,0.9581,0.3629
1050,0.9585,0.3202
1051,0.9581,0.3757
1052,0.9582,0.2979
1053,0.9582,0.4023
1054,0.9581,0.1210
1055,0.9584,0.2421
1056,0.9584,0.2128
1057,0.9586,0.2804
1058,0.9588,0.2836
1059,0.9589,0.2305
1060,0.9590,0.1362
1061,0.9587,0.3223
1062,0.9587,0.2787
1063,0.9588,0.1926
1064,0.9592,0.2247
1065,0.9589,0.2485
1066,0.9589,0.2908
1067,0.9586,0.2455
1068,0.9589,0.3039
1069,0.9590,0.3977
1070,0.9585,0.1857
1071,0.9587,0.2592
1072,0.9588,0.2813
1073,0.9589,0.1476
1074,0.9592,0.2125
1075,0.9591,0.2082
1076,0.9590,0.2352
1077,0.9592,0.3689
1078,0.9589,0.2677
1079,0.9593,0.2682
1080,0.9591,0.3444
1081,0.9595,0.1689
1082,0.9592,0.3078
1083,0.9598,0.2936
1084,0.9597,0.3579
1085,0.9593,0.1539
1086,0.9596,0.2888
1087,0.9594,0.2579
1088,0.9599,0.2942
1089,0.9598,0.1924
1090,0.9597,0.2205
1091,0.9600,0.2055
1092,0.9600,0.2344
1093,0.9600,0.1697
1094,0.9599,0.3207
1095,0.9600,0.2096
1096,0.9600,0.3780
1097,0.9598,0.4228
1098,0.9601,0.4098
1099,0.9602,0.1337
1100,0.9600,0.3179
1101,0.9602,0.3403
1102,0.9600,0.3037
1103,0.9604,0.2469
1104,0.9602,0.2645
1105,0.9601,0.2535
1106,0.9601,0.1555
1107,0.9602,0.2791
1108,0.9601,0.3268
1109,0.9603,0.3886
1110,0.9604,0.3487
1111,0.9604,0.2115
1112,0.9606,0.2798
1113,0.9607,0.4357
1114,0.9606,0.2965
1115,0.9606,0.2673
1116,0.9606,0.3022
1117,0.9608,0.2709
1118,0.9608,0.2082
1119,0.9606,0.3559
1120,0.9603,0.2375
1121,0.9607,0.2668
1122,0.9607,0.2951
1123,0.9613,0.1524
1124,0.9610,0.2315
1125,0.9610,0.1867
1126,0.9608,0.2381
1127,0.9612,0.2563
1128,0.9611,0.2640
1129,0.9613,0.2954
1130,0.9610,0.3151
1131,0.9612,0.2627
1132,0.9611,0.3100
1133,0.9610,0.2626
1134,0.9612,0.3553
1135,0.9614,0.2238
1136,0.9615,0.3230
1137,0.9613,0.3749
1138,0.9612,0.2493
1139,0.9615,0.3970
1140,0.9615,0.2163
1141,0.9615,0.3153
1142,0.9612,0.2232
1143,0.9618,0.2135
1144,0.9618,0.2265
1145,0.9616,0.2115
1146,0.9613,0.2625
1147,0.9616,0.2190
1148,0.9617,0.4310
1149,0.9619,0.1776
1150,0.9616,0.2543
1151,0.9619,0.2349
1152,0.9620,0.2813
1153,0.9618,0.2272
1154,0.9618,0.3656
1155,0.9623,0.1867
1156,0.9619,0.2901
1157,0.9621,0.2711
1158,0.9618,0.2817
1159,0.9621,0.2706
1160,0.9625,0.4014
1161,0.9625,0.4562
1162,0.9619,0.3365
1163,0.9624,0.2752
1164,0.9623,0.1481
1165,0.9622,0.2024
1166,0.9621,0.1668
1167,0.9623,0.1547
1168,0.9628,0.2420
1169,0.9625,0.1433
1170,0.9621,0.3524
1171,0.9628,0.1717
1172,0.9628,0.1532
1173,0.9624,0.1847
1174,0.9627,0.1776
1175,0.9624,0.2561
1176,0.9625,0.2265
1177,0.9625,0.2723
1178,0.9625,0.4338
1179,0.9628,0.3002
1180,0.9624,0.2762
1181,0.9625,0.2517
1182,0.9627,0.2259
1183,0.9627,0.2100
1184,0.9629,0.3182
1185,0.9629,0.2915
1186,0.9629,0.2125
1187,0.9631,0.1792
1188,0.9630,0.3041
1189,0.9631,0.2393
1190,0.9631,0.3629
1191,0.9630,0.2442
1192,0.9630,0.2562
1193,0.9628,0.4404
1194,0.9631,0.1017
1195,0.9632,0.2384
1196,0.9637,0.2641
1197,0.9633,0.1898
1198,0.9635,0.3466
1199,0.9634,0.2405
1200,0.9631,0.2602
1201,0.9632,0.3510
1202,0.9633,0.1459
1203,0.9632,0.1634
1204,0.9636,0.2376
1205,0.9634,0.2619
1206,0.9635,0.2867
1207,0.9636,0.3996
1208,0.9635,0.2141
1209,0.9638,0.2392
1210,0.9634,0.3622
1211,0.9635,0.2545
1212,0.9639,0.1434
1213,0.9635,0.2560
1214,0.9637,0.4116
1215,0.9638,0.3218
1216,0.9640,0.3295
1217,0.9637,0.3876
1218,0.9638,0.2477
1219,0.9644,0.3746
1220,0.9640,0.1830
1221,0.9641,0.1546
1222,0.9639,0.2822
1223,0.9640,0.1732
1224,0.9639,0.2805
1225,0.9640,0.2380
1226,0.9642,0.2262
1227,0.9643,0.2164
1228,0.9641,0.1872
1229,0.9645,0.3842
1230,0.9645,0.2461
1231,0.9642,0.2356
1232,0.9642,0.2047
1233,0.9644,0.2856
1234,0.9645,0.1777
1235,0.9645,0.3290
1236,0.9643,0.1930
1237,0.9644,0.3072
1238,0.9645,0.2344
1239,0.9645,0.1813
1240,0.9645,0.3036
1241,0.9642,0.3148
1242,0.9647,0.1866
1243,0.9647,0.3349
1244,0.9645,0.2212
1245,0.9649,0.2657
1246,0.9649,0.2650
1247,0.9645,0.2813
1248,0.9649,0.1658
1249,0.9646,0.2546
1250,0.9651,0.2174
1251,0.9650,0.1959
1252,0.9648,0.3187
1253,0.9648,0.1903
1254,0.9650,0.2619
1255,0.9650,0.1895
1256,0.9651,0.2060
1257,0.9647,0.2967
1258,0.9652,0.2118
1259,0.9652,0.4078
1260,0.9655,0.2520
1261,0.9652,0.2903
1262,0.9650,0.2640
1263,0.9652,0.3982
1264,0.9652,0.3131
1265,0.9654,0.3912
1266,0.9654,0.2485
1267,0.9657,0.2513
1268,0.9654,0.2893
1269,0.9654,0.2212
1270,0.9651,0.3212
1271,0.9650,0.1761
1272,0.9652,0.0842
1273,0.9652,0.2256
1274,0.9655,0.2993
1275,0.9656,0.3229
1276,0.9655,0.1843
1277,0.9653,0.1631
1278,0.9656,0.3179
1279,0.9657,0.4204
1280,0.9656,0.1582
1281,0.9657,0.1731
1282,0.9657,0.2664
1283,0.9657,0.1900
1284,0.9657,0.3477
1285,0.9659,0.1150
1286,0.9658,0.2507
1287,0.9658,0.3283
1288,0.9658,0.1819
1289,0.9656,0.1227
1290,0.9658,0.1725
1291,0.9656,0.4269
1292,0.9658,0.2472
1293,0.9657,0.2851
1294,0.9660,0.3298
1295,0.9660,0.3568
1296,0.9659,0.2266
1297,0.9661,0.4364
1298,0.9661,0.3441
1299,0.9663,0.2086
1300,0.9656,0.4256
1301,0.9663,0.2455
1302,0.9665,0.2992
1303,0.9662,0.2661
1304,0.9665,0.2298
1305,0.9666,0.2729
1306,0.9664,0.2301
1307,0.9664,0.3810
1308,0.9665,0.2850
1309,0.9667,0.2846
1310,0.9665,0.2333
1311,0.9663,0.1390
1312,0.9665,0.1178
1313,0.9664,0.2108
1314,0.9661,0.3423
1315,0.9663,0.1839
1316,0.9669,0.3754
1317,0.9664,0.2803
1318,0.9666,0.2122
1319,0.9664,0.4146
1320,0.9668,0.3994
1321,0.9666,0.1787
1322,0.9669,0.2303
1323,0.9670,0.2308
1324,0.9668,0.1436
1325,0.9668,0.1416
1326,0.9668,0.1378
1327,0.9670,0.1936
1328,0.9668,0.2393
1329,0.9668,0.1528
1330,0.9668,0.3042
1331,0.9670,0.3239
1332,0.9670,0.3335
1333,0.9672,0.3829
1334,0.9671,0.2210
1335,0.9670,0.2837
1336,0.9670,0.1197
1337,0.9671,0.4017
1338,0.9672,0.2580
1339,0.9671,0.2021
1340,0.9671,0.2585
1341,0.9674,0.2988
1342,0.9670,0.3426
1343,0.9670,0.3017
1344,0.9672,0.2512
1345,0.9676,0.2725
1346,0.9673,0.4177
1347,0.9671,0.2300
1348,0.9674,0.1067
1349,0.9676,0.0967
1350,0.9676,0.4128
1351,0.9673,0.1530
1352,0.9674,0.3211
1353,0.9675,0.3077
1354,0.9676,0.2841
1355,0.9675,0.3131
1356,0.9677,0.3746
1357,0.9678,0.1556
1358,0.9677,0.3209
1359,0.9676,0.2240
1360,0.9679,0.2294
1361,0.9679,0.3781
1362,0.9680,0.1557
1363,0.9680,0.2676
1364,0.9677,0.2013
1365,0.9675,0.0997
1366,0.9674,0.1752
1367,0.9676,0.1986
1368,0.9678,0.3389
1369,0.9675,0.3176
1370,0.9680,0.1496
1371,0.9678,0.2788
1372,0.9681,0.2618
1373,0.9682,0.3109
1374,0.9681,0.2050
1375,0.9684,0.1450
1376,0.9679,0.3695
1377,0.9682,0.4270
1378,0.9682,0.4104
1379,0.9680,0.2626
1380,0.9682,0.2616
1381,0.9683,0.2354
1382,0.9681,0.2980
1383,0.9682,0.2468
1384,0.9682,0.2420
1385,0.9680,0.3339
1386,0.9681,0.2832
1387,0.9683,0.2678
1388,0.9685,0.2364
1389,0.9685,0.1252
1390,0.9683,0.2291
1391,0.9682,0.1812
1392,0.9682,0.2537
1393,0.9683,0.3466
1394,0.9683,0.3596
1395,0.9681,0.3047
1396,0.9683,0.1704
1397,0.9687,0.2759
1398,0.9686,0.2097
1399,0.9686,0.2440
1400,0.9686,0.1214
1401,0.9685,0.3200
1402,0.9684,0.2205
1403,0.9687,0.1649
1404,0.9688,0.3438
1405,0.9688,0.1653
1406,0.9687,0.4338
1407,0.9686,0.3563
1408,0.9686,0.2093
1409,0.9686,0.3541
1410,0.9688,0.3013
1411,0.9686,0.2760
1412,0.9688,0.2017
1413,0.9689,0.1958
1414,0.9691,0.2262
1415,0.9689,0.2108
1416,0.9688,0.3828
1417,0.9692,0.3076
1418,0.9689,0.2709
1419,0.9689,0.2242
1420,0.9688,0.2162
1421,0.9691,0.3063
1422,0.9689,0.2210
1423,0.9689,0.3069
1424,0.9692,0.2011
1425,0.9693,0.2776
1426,0.9692,0.3448
1427,0.9694,0.2898
1428,0.9690,0.1376
1429,0.9691,0.1767
1430,0.9690,0.1351
1431,0.9693,0.1934
1432,0.9693,0.3489
1433,0.9692,0.1385
1434,0.9693,0.3942
1435,0.9692,0.3229
1436,0.9696,0.1174
1437,0.9696,0.2258
1438,0.9694,0.3893
1439,0.9696,0.3882
1440,0.9695,0.2238
1441,0.9694,0.2386
1442,0.9694,0.3091
1443,0.9695,0.3670
1444,0.9694,0.2864
1445,0.9693,0.1938
1446,0.9692,0.2532
1447,0.9696,0.2757
1448,0.9697,0.2070
1449,0.9694,0.2249
1450,0.9698,0.2444
1451,0.9699,0.2464
1452,0.9700,0.3986
1453,0.9700,0.1969
1454,0.9701,0.3053
1455,0.9698,0.3409
1456,0.9695,0.2328
1457,0.9696,0.2896
1458,0.9697,0.2321
1459,0.9699,0.1902
1460,0.9701,0.2746
1461,0.9698,0.4037
1462,0.9700,0.2937
1463,0.9701,0.2614
1464,0.9700,0.1731
1465,0.9698,0.2771
1466,0.9697,0.3145
1467,0.9699,0.2039
1468,0.9701,0.2216
1469,0.9703,0.2536
1470,0.9703,0.3800
1471,0.9701,0.2109
1472,0.9700,0.2088
1473,0.9700,0.2544
1474,0.9700,0.1722
1475,0.9703,0.3154
1476,0.9707,0.2278
1477,0.9704,0.2062
1478,0.9703,0.1851
1479,0.9704,0.2975
1480,0.9702,0.2514
1481,0.9700,0.2295
1482,0.9702,0.4091
1483,0.9705,0.2389
1484,0.9706,0.2764
1485,0.9706,0.3267
1486,0.9703,0.1415
1487,0.9706,0.2969
1488,0.9703,0.2500
1489,0.9704,0.3005
1490,0.9702,0.3449
1491,0.9707,0.1587
1492,0.9708,0.2698
1493,0.9707,0.3264
1494,0.9707,0.1515
1495,0.9705,0.3426
1496,0.9708,0.2527
1497,0.9705,0.2911
1498,0.9702,0.2971
1499,0.9705,0.2388
1500,0.9709,0.2100
1501,0.9707,0.2099
1502,0.9709,0.3177
1503,0.9707,0.3316
1504,0.9709,0.3193
1505,0.9710,0.1914
1506,0.9708,0.2926
1507,0.9707,0.1777
1508,0.9709,0.2638
1509,0.9709,0.1924
1510,0.9709,0.3615
1511,0.9706,0.2415
1512,0.9708,0.4183
1513,0.9709,0.2599
1514,0.9710,0.2707
1515,0.9711,0.3391
1516,0.9713,0.2396
1517,0.9711,0.2753
1518,0.9711,0.1632
1519,0.9714,0.2211
1520,0.9708,0.2642
1521,0.9707,0.2766
1522,0.9712,0.3157
1523,0.9710,0.2376
1524,0.9712,0.2214
1525,0.9712,0.1554
1526,0.9712,0.2337
1527,0.9713,0.1842
1528,0.9710,0.2316
1529,0.9710,0.1318
1530,0.9713,0.4541
1531,0.9715,0.1886
1532,0.9713,0.4357
1533,0.9711,0.1657
1534,0.9713,0.3259
1535,0.9712,0.2598
1536,0.9714,0.2181
1537,0.9715,0.2293
1538,0.9713,0.1800
1539,0.9716,0.2499
1540,0.9715,0.2619
1541,0.9712,0.1174
1542,0.9713,0.2483
1543,0.9717,0.2314
1544,0.9716,0.2275
1545,0.9715,0.2091
1546,0.9713,0.2555
1547,0.9715,0.2065
1548,0.9715,0.1529
1549,0.9717,0.3905
1550,0.9715,0.3398
1551,0.9714,0.2100
1552,0.9712,0.3753
1553,0.9715,0.2164
1554,0.9716,0.2240
1555,0.9718,0.3118
1556,0.9720,0.2055
1557,0.9721,0.3309
1558,0.9714,0.2797
1559,0.9718,0.2657
1560,0.9718,0.4155
1561,0.9719,0.4662
1562,0.9719,0.2118
1563,0.9719,0.1952
1564,0.9717,0.2770
1565,0.9717,0.3073
1566,0.9716,0.3830
1567,0.9720,0.3514
1568,0.9721,0.2636
1569,0.9720,0.2686
1570,0.9720,0.1313
1571,0.9721,0.1989
1572,0.9721,0.2660
1573,0.9723,0.2418
1574,0.9720,0.3046
1575,0.9722,0.1854
1576,0.9719,0.2571
1577,0.9719,0.1993
1578,0.9717,0.2769
1579,0.9722,0.3397
1580,0.9721,0.2666
1581,0.9722,0.1885
1582,0.9722,0.1341
1583,0.9722,0.3298
1584,0.9721,0.2758
1585,0.9725,0.2194
1586,0.9723,0.4116
1587,0.9719,0.1978
1588,0.9720,0.2752
1589,0.9725,0.1000
1590,0.9726,0.1615
1591,0.9722,0.1594
1592,0.9723,0.3538
1593,0.9724,0.1678
1594,0.9723,0.3557
1595,0.9722,0.2408
1596,0.9723,0.1542
1597,0.9725,0.3190
1598,0.9725,0.2797
1599,0.9727,0.3974
1600,0.9726,0.3710
1601,0.9724,0.3634
1602,0.9730,0.2542
1603,0.9727,0.3510
1604,0.9726,0.2575
1605,0.9727,0.1878
1606,0.9726,0.2917
1607,0.9726,0.2674
1608,0.9726,0.2409
1609,0.9726,0.1983
1610,0.9724,0.2720
1611,0.9727,0.1638
1612,0.9727,0.2524
1613,0.9727,0.1604
1614,0.9727,0.2920
1615,0.9727,0.1868
1616,0.9727,0.2254
1617,0.9729,0.2424
1618,0.9727,0.1390
1619,0.9728,0.2974
1620,0.9730,0.3511
1621,0.9731,0.3189
1622,0.9728,0.3076
1623,0.9729,0.3337
1624,0.9728,0.1857
1625,0.9731,0.3289
1626,0.9731,0.3542
1627,0.9727,0.2546
1628,0.9732,0.1526
1629,0.9731,0.1959
1630,0.9730,0.2383
1631,0.9727,0.2974
1632,0.9729,0.2503
1633,0.9730,0.1764
1634,0.9732,0.2313
1635,0.9729,0.1867
1636,0.9730,0.3177
1637,0.9733,0.1721
1638,0.9733,0.2464
1639,0.9730,0.1475
1640,0.9730,0.2418
1641,0.9732,0.3657
1642,0.9731,0.3750
1643,0.9734,0.2793
1644,0.9734,0.3428
1645,0.9733,0.3463
1646,0.9732,0.2368
1647,0.9732,0.3795
1648,0.9734,0.2473
1649,0.9733,0.2726
1650,0.9737,0.0862
1651,0.9735,0.1741
1652,0.9733,0.1766
1653,0.9734,0.2467
1654,0.9734,0.3679
1655,0.9734,0.1720
1656,0.9736,0.2579
1657,0.9735,0.2473
1658,0.9734,0.2354
1659,0.9734,0.3115
1660,0.9734,0.2095
1661,0.9735,0.3016
1662,0.9735,0.3573
1663,0.9735,0.3279
1664,0.9737,0.2660
1665,0.9736,0.3089
1666,0.9733,0.1457
1667,0.9736,0.2892
1668,0.9735,0.3282
1669,0.9738,0.2842
1670,0.9736,0.3368
1671,0.9736,0.4319
1672,0.9738,0.2092
1673,0.9739,0.3108
1674,0.9736,0.1102
1675,0.9737,0.3535
1676,0.9738,0.2551
1677,0.9738,0.2557
1678,0.9738,0.3128
1679,0.9737,0.1109
1680,0.9740,0.3596
1681,0.9737,0.2947
1682,0.9733,0.3030
1683,0.9740,0.3123
1684,0.9738,0.2814
1685,0.9742,0.3148
1686,0.9741,0.1797
1687,0.9740,0.3146
1688,0.9741,0.1738
1689,0.9739,0.2079
1690,0.9741,0.3400
1691,0.9739,0.2493
1692,0.9741,0.3187
1693,0.9737,0.3259
1694,0.9738,0.2351
1695,0.9739,0.1201
1696,0.9742,0.2481
1697,0.9741,0.4623
1698,0.9742,0.3134
1699,0.9741,0.3646
1700,0.9744,0.2736
1701,0.9741,0.2084
1702,0.9742,0.2790
1703,0.9743,0.2899
1704,0.9744,0.2858
1705,0.9742,0.1320
1706,0.9742,0.2263
1707,0.9739,0.2723
1708,0.9741,0.3032
1709,0.9740,0.4106
1710,0.9741,0.2696
1711,0.9743,0.1693
1712,0.9743,0.2853
1713,0.9742,0.3715
1714,0.9743,0.3415
1715,0.9742,0.3553
1716,0.9744,0.1503
1717,0.9744,0.1891
1718,0.9746,0.2329
1719,0.9745,0.3333
1720,0.9746,0.3727
1721,0.9746,0.3516
1722,0.9742,0.1255
1723,0.9746,0.2308
1724,0.9747,0.2880
1725,0.9745,0.3363
1726,0.9746,0.1233
1727,0.9745,0.3180
1728,0.9746,0.2843
1729,0.9746,0.2669
1730,0.9748,0.2387
1731,0.9748,0.1572
1732,0.9743,0.1939
1733,0.9745,0.2595
1734,0.9744,0.3502
1735,0.9745,0.2253
1736,0.9746,0.3099
1737,0.9747,0.3819
1738,0.9749,0.3424
1739,0.9745,0.2901
1740,0.9747,0.3102
1741,0.9748,0.2845
1742,0.9748,0.3049
1743,0.9750,0.2915
1744,0.9747,0.2801
1745,0.9747,0.3760
1746,0.9748,0.1614
1747,0.9746,0.1906
1748,0.9747,0.3161
1749,0.9748,0.2247
1750,0.9748,0.2714
1751,0.9748,0.2052
1752,0.9748,0.3456
1753,0.9747,0.2065
1754,0.9747,0.3093
1755,0.9748,0.3326
1756,0.9749,0.3109
1757,0.9750,0.3682
1758,0.9751,0.3936
1759,0.9748,0.1108
1760,0.9750,0.4393
1761,0.9751,0.2994
1762,0.9748,0.2682
1763,0.9752,0.1834
1764,0.9751,0.2143
1765,0.9750,0.3846
1766,0.9752,0.3165
1767,0.9751,0.2088
1768,0.9752,0.2956
1769,0.9750,0.1778
1770,0.9752,0.1968
1771,0.9752,0.2600
1772,0.9752,0.2866
1773,0.9750,0.1924
1774,0.9751,0.2459
1775,0.9748,0.1803
1776,0.9753,0.2794
1777,0.9752,0.1940
1778,0.9750,0.1736
1779,0.9752,0.4186
1780,0.9752,0.1737
1781,0.9754,0.2361
1782,0.9756,0.3124
1783,0.9754,0.2090
1784,0.9753,0.1688
1785,0.9753,0.2724
1786,0.9754,0.1904
1787,0.9754,0.2464
1788,0.9756,0.3142
1789,0.9752,0.2947
1790,0.9753,0.3807
1791,0.9753,0.2005
1792,0.9754,0.2087
1793,0.9755,0.2609
1794,0.9754,0.2631
1795,0.9752,0.1545
1796,0.9756,0.3020
1797,0.9755,0.2946
1798,0.9757,0.3048
1799,0.9756,0.1323
1800,0.9754,0.3747
1801,0.9756,0.0824
1802,0.9755,0.1975
1803,0.9757,0.3446
1804,0.9758,0.1582
1805,0.9756,0.2330
1806,0.9758,0.3294
1807,0.9755,0.2698
1808,0.9757,0.2787
1809,0.9758,0.1311
1810,0.9757,0.2262
1811,0.9753,0.2247
1812,0.9759,0.2860
1813,0.9755,0.1617
1814,0.9756,0.2066
1815,0.9760,0.1852
1816,0.9758,0.1988
1817,0.9755,0.3187
1818,0.9758,0.3255
1819,0.9760,0.1305
1820,0.9758,0.4222
1821,0.9761,0.1253
1822,0.9758,0.2553
1823,0.9760,0.3539
1824,0.9758,0.3321
1825,0.9757,0.3557
1826,0.9758,0.2364
1827,0.9759,0.3437
1828,0.9763,0.3478
1829,0.9758,0.2399
1830,0.9757,0.2931
1831,0.9758,0.2696
1832,0.9760,0.2260
1833,0.9761,0.1989
1834,0.9762,0.3930
1835,0.9760,0.4161
1836,0.9759,0.2862
1837,0.9759,0.4048
1838,0.9762,0.2443
1839,0.9757,0.1818
1840,0.9759,0.3299
1841,0.9764,0.3352
1842,0.9761,0.2549
1843,0.9762,0.2631
1844,0.9761,0.2546
1845,0.9765,0.2235
1846,0.9762,0.2577
1847,0.9762,0.2135
1848,0.9765,0.2188
1849,0.9759,0.2816
1850,0.9764,0.2702
1851,0.9762,0.2677
1852,0.9761,0.2973
1853,0.9763,0.3195
1854,0.9762,0.1438
1855,0.9761,0.1456
1856,0.9764,0.3392
1857,0.9765,0.2665
1858,0.9763,0.3517
1859,0.9763,0.3499
1860,0.9760,0.1915
1861,0.9763,0.2895
1862,0.9766,0.2860
1863,0.9763,0.3204
1864,0.9761,0.2175
1865,0.9766,0.3126
1866,0.9765,0.4237
1867,0.9763,0.2018
1868,0.9763,0.1562
1869,0.9763,0.1605
1870,0.9765,0.1298
1871,0.9763,0.1709
1872,0.9765,0.2742
1873,0.9766,0.1772
1874,0.9767,0.0840
1875,0.9767,0.1753
1876,0.9766,0.3070
1877,0.9766,0.2529
1878,0.9765,0.3390
1879,0.9765,0.2642
1880,0.9766,0.2924
1881,0.9767,0.2250
1882,0.9766,0.1765
1883,0.9769,0.1925
1884,0.9766,0.3668
1885,0.9765,0.2668
1886,0.9766,0.2529
1887,0.9765,0.3326
1888,0.9766,0.4641
1889,0.9770,0.3097
1890,0.9766,0.2461
1891,0.9768,0.1346
1892,0.9768,0.3795
1893,0.9767,0.3426
1894,0.9768,0.4405
1895,0.9768,0.3191
1896,0.9768,0.2742
1897,0.9768,0.1952
1898,0.9768,0.2302
1899,0.9767,0.2950
1900,0.9769,0.1733
1901,0.9766,0.2634
1902,0.9766,0.1239
1903,0.9766,0.3506
1904,0.9769,0.3306
1905,0.9768,0.2561
1906,0.9763,0.2965
1907,0.9768,0.1675
1908,0.9770,0.2029
1909,0.9768,0.1700
1910,0.9763,0.3382
1911,0.9772,0.3275
1912,0.9768,0.4547
1913,0.9768,0.1861
1914,0.9770,0.2013
1915,0.9771,0.1983
1916,0.9771,0.1380
1917,0.9771,0.2933
1918,0.9772,0.3846
1919,0.9768,0.2611
1920,0.9770,0.1210
1921,0.9769,0.3009
1922,0.9770,0.3025
1923,0.9771,0.3080
1924,0.9774,0.1789
1925,0.9769,0.4026
1926,0.9774,0.2310
1927,0.9776,0.2255
1928,0.9773,0.3860
1929,0.9775,0.1325
1930,0.9772,0.3589
1931,0.9773,0.1615
1932,0.9773,0.3446
1933,0.9774,0.3554
1934,0.9773,0.3125
1935,0.9772,0.3120
1936,0.9770,0.3262
1937,0.9772,0.2122
1938,0.9772,0.2400
1939,0.9771,0.2515
1940,0.9774,0.2216
1941,0.9773,0.3539
1942,0.9775,0.2966
1943,0.9774,0.3157
1944,0.9773,0.3274
1945,0.9772,0.1819
1946,0.9774,0.2061
1947,0.9776,0.4074
1948,0.9773,0.3734
1949,0.9775,0.3426
1950,0.9774,0.3247
1951,0.9774,0.3055
1952,0.9772,0.1794
1953,0.9773,0.2308
1954,0.9774,0.3438
1955,0.9774,0.2165
1956,0.9774,0.2081
1957,0.9772,0.2703
1958,0.9775,0.4249
1959,0.9774,0.3608
1960,0.9777,0.2995
1961,0.9776,0.3064
1962,0.9776,0.3249
1963,0.9773,0.3099
1964,0.9773,0.2306
1965,0.9777,0.3488
1966,0.9778,0.3438
1967,0.9776,0.2223
1968,0.9777,0.3003
1969,0.9776,0.2644
1970,0.9776,0.1830
1971,0.9777,0.2940
1972,0.9776,0.3704
1973,0.9775,0.3172
1974,0.9777,0.2955
1975,0.9775,0.3438
1976,0.9777,0.2404
1977,0.9779,0.1090
1978,0.9774,0.1775
1979,0.9777,0.1292
1980,0.9779,0.3945
1981,0.9777,0.2575
1982,0.9779,0.1008
1983,0.9778,0.1418
1984,0.9778,0.1916
1985,0.9779,0.2072
1986,0.9782,0.2037
1987,0.9778,0.1281
1988,0.9776,0.2011
1989,0.9779,0.4154
1990,0.9780,0.2043
1991,0.9780,0.2295
1992,0.9779,0.3499
1993,0.9777,0.2865
1994,0.9777,0.2641
1995,0.9780,0.3094
1996,0.9780,0.2235
1997,0.9780,0.1638
1998,0.9781,0.2436
1999,0.9782,0.3305
2000,0.9780,0.1688
2001,0.9780,0.2809
2002,0.9779,0.2448
2003,0.9779,0.2257
2004,0.9774,0.3022
2005,0.9780,0.3228
2006,0.9781,0.2150
2007,0.9781,0.2882
2008,0.9779,0.2837
2009,0.9782,0.3618
2010,0.9781,0.1659
2011,0.9783,0.2841
2012,0.9782,0.3186
2013,0.9784,0.4307
2014,0.9781,0.1634
2015,0.9783,0.1195
2016,0.9782,0.3651
2017,0.9783,0.1589
2018,0.9782,0.1226
2019,0.9779,0.1665
2020,0.9781,0.2159
2021,0.9783,0.2339
2022,0.9786,0.2469
2023,0.9783,0.1897
2024,0.9781,0.3479
2025,0.9782,0.2740
2026,0.9781,0.1775
2027,0.9783,0.1972
2028,0.9782,0.4164
2029,0.9783,0.1797
2030,0.9784,0.1892
2031,0.9784,0.2349
2032,0.9786,0.4235
2033,0.9784,0.1313
2034,0.9783,0.1932
2035,0.9782,0.3769
2036,0.9783,0.3116
2037,0.9783,0.1731
2038,0.9782,0.2836
2039,0.9783,0.3041
2040,0.9783,0.3248
2041,0.9784,0.2183
2042,0.9787,0.2748
2043,0.9786,0.2104
2044,0.9784,0.3209
2045,0.9784,0.2794
2046,0.9783,0.2926
2047,0.9786,0.2906
2048,0.9784,0.2600
2049,0.9784,0.2200
2050,0.9787,0.2132
2051,0.9785,0.3227
2052,0.9786,0.2181
2053,0.9784,0.1612
2054,0.9782,0.1478
2055,0.9786,0.2122
2056,0.9787,0.4057
2057,0.9785,0.2453
2058,0.9783,0.1855
2059,0.9784,0.2163
2060,0.9787,0.2609
2061,0.9786,0.3247
2062,0.9785,0.2122
2063,0.9786,0.2308
2064,0.9787,0.1822
2065,0.9787,0.2991
2066,0.9786,0.2968
2067,0.9785,0.2348
2068,0.9785,0.2705
2069,0.9787,0.3253
2070,0.9787,0.3050
2071,0.9786,0.2200
2072,0.9786,0.1727
2073,0.9785,0.2927
2074,0.9788,0.3363
2075,0.9787,0.3525
2076,0.9788,0.1840
2077,0.9788,0.1138
2078,0.9787,0.2146
2079,0.9787,0.3521
2080,0.9787,0.1889
2081,0.9787,0.3840
2082,0.9789,0.2719
2083,0.9788,0.3130
2084,0.9788,0.2051
2085,0.9786,0.2703
2086,0.9789,0.3099
2087,0.9790,0.3422
2088,0.9793,0.2352
2089,0.9790,0.3531
2090,0.9789,0.3613
2091,0.9789,0.1806
2092,0.9788,0.1423
2093,0.9789,0.3894
2094,0.9789,0.3322
2095,0.9790,0.3406
2096,0.9791,0.2611
2097,0.9790,0.2458
2098,0.9789,0.3821
2099,0.9787,0.2353
2100,0.9789,0.2241
2101,0.9789,0.2432
2102,0.9790,0.2271
2103,0.9789,0.3838
2104,0.9791,0.3035
2105,0.9788,0.3565
2106,0.9789,0.4286
2107,0.9789,0.1938
2108,0.9789,0.2150
2109,0.9791,0.3578
2110,0.9790,0.3870
2111,0.9792,0.1267
2112,0.9791,0.2139
2113,0.9791,0.1719
2114,0.9791,0.3130
2115,0.9791,0.1317
2116,0.9790,0.1961
2117,0.9792,0.2584
2118,0.9791,0.2636
2119,0.9790,0.2530
2120,0.9791,0.2635
2121,0.9787,0.3492
2122,0.9793,0.1786
2123,0.9791,0.1981
2124,0.9794,0.3068
2125,0.9792,0.2951
2126,0.9792,0.2260
2127,0.9793,0.3198
2128,0.9792,0.0982
2129,0.9793,0.3887
2130,0.9791,0.2038
2131,0.9791,0.2102
2132,0.9794,0.1502
2133,0.9793,0.2461
2134,0.9792,0.2387
2135,0.9795,0.2047
2136,0.9796,0.2344
2137,0.9794,0.3140
2138,0.9795,0.1688
2139,0.9794,0.3441
2140,0.9794,0.3467
2141,0.9793,0.1939
2142,0.9792,0.2152
2143,0.9793,0.2161
2144,0.9795,0.2550
2145,0.9794,0.2549
2146,0.9793,0.2548
2147,0.9795,0.2726
2148,0.9796,0.1817
2149,0.9792,0.2611
2150,0.9793,0.2683
2151,0.9795,0.1832
2152,0.9794,0.4252
2153,0.9794,0.1409
2154,0.9795,0.2899
2155,0.9796,0.2639
2156,0.9795,0.2902
2157,0.9795,0.2916
2158,0.9798,0.2784
2159,0.9795,0.3154
2160,0.9792,0.3763
2161,0.9794,0.3692
2162,0.9797,0.1497
2163,0.9797,0.1607
2164,0.9794,0.3218
2165,0.9794,0.2493
2166,0.9797,0.1329
2167,0.9797,0.3111
2168,0.9796,0.2406
2169,0.9796,0.3089
2170,0.9797,0.3346
2171,0.9795,0.2864
2172,0.9797,0.3155
2173,0.9794,0.2954
2174,0.9797,0.1839
2175,0.9797,0.1576
2176,0.9798,0.2555
2177,0.9797,0.2563
2178,0.9796,0.2353
2179,0.9798,0.1475
2180,0.9796,0.3323
2181,0.9796,0.2817
2182,0.9797,0.4340
2183,0.9796,0.1816
2184,0.9799,0.3853
2185,0.9799,0.4196
2186,0.9800,0.3177
2187,0.9798,0.2167
2188,0.9797,0.2277
2189,0.9799,0.2224
2190,0.9799,0.1336
2191,0.9798,0.1571
2192,0.9796,0.3133
2193,0.9796,0.2696
2194,0.9796,0.2749
2195,0.9800,0.1951
2196,0.9799,0.1843
2197,0.9802,0.3874
2198,0.9798,0.3355
2199,0.9800,0.2410
2200,0.9800,0.3121
2201,0.9800,0.2021
2202,0.9800,0.3114
2203,0.9801,0.1274
2204,0.9799,0.2505
2205,0.9799,0.3050
2206,0.9798,0.3105
2207,0.9801,0.2211
2208,0.9801,0.1686
2209,0.9800,0.2865
2210,0.9801,0.1177
2211,0.9799,0.2735
2212,0.9799,0.2912
2213,0.9800,0.3202
2214,0.9801,0.2916
2215,0.9802,0.2525
2216,0.9802,0.3153
2217,0.9799,0.2941
2218,0.9798,0.2420
2219,0.9801,0.3642
2220,0.9802,0.2066
2221,0.9800,0.2120
2222,0.9802,0.2496
2223,0.9802,0.2606
2224,0.9803,0.3443
2225,0.9800,0.3691
2226,0.9803,0.2315
2227,0.9802,0.2567
2228,0.9800,0.1329
2229,0.9802,0.2657
2230,0.9803,0.2959
2231,0.9803,0.1424
2232,0.9798,0.2752
2233,0.9801,0.3759
2234,0.9800,0.3668
2235,0.9801,0.3050
2236,0.9801,0.3878
2237,0.9804,0.2219
2238,0.9802,0.2262
2239,0.9803,0.2821
2240,0.9801,0.1752
2241,0.9803,0.2118
2242,0.9802,0.3246
2243,0.9801,0.2115
2244,0.9803,0.4138
2245,0.9804,0.3229
2246,0.9803,0.1905
2247,0.9802,0.2046
2248,0.9802,0.2369
2249,0.9805,0.2059
2250,0.9798,0.2924
2251,0.9803,0.2064
2252,0.9805,0.1921
2253,0.9803,0.2475
2254,0.9804,0.2562
2255,0.9804,0.3360
2256,0.9803,0.1965
2257,0.9804,0.1626
2258,0.9806,0.1883
2259,0.9803,0.2847
2260,0.9801,0.1815
2261,0.9802,0.1987
2262,0.9804,0.3469
2263,0.9807,0.2092
2264,0.9805,0.1888
2265,0.9806,0.3597
2266,0.9805,0.2794
2267,0.9806,0.2865
2268,0.9804,0.3146
2269,0.9805,0.3193
2270,0.9806,0.1936
2271,0.9805,0.2932
2272,0.9807,0.3954
2273,0.9805,0.3005
2274,0.9805,0.2831
2275,0.9808,0.3132
2276,0.9806,0.3687
2277,0.9806,0.3677
2278,0.9808,0.2286
2279,0.9807,0.2602
2280,0.9808,0.1734
2281,0.9806,0.1824
2282,0.9805,0.1745
2283,0.9805,0.2704
2284,0.9807,0.3696
2285,0.9809,0.3361
2286,0.9805,0.1992
2287,0.9807,0.1579
2288,0.9806,0.2534
2289,0.9806,0.3829
2290,0.9805,0.2473
2291,0.9807,0.3030
2292,0.9808,0.2728
2293,0.9805,0.1603
2294,0.9810,0.3737
2295,0.9810,0.1376
2296,0.9808,0.2179
2297,0.9807,0.3324
2298,0.9810,0.2355
2299,0.9809,0.2864
2300,0.9807,0.2413
2301,0.9807,0.2848
2302,0.9807,0.2075
2303,0.9807,0.1583
2304,0.9808,0.2234
2305,0.9810,0.3066
2306,0.9810,0.1314
2307,0.9809,0.1910
2308,0.9809,0.2691
2309,0.9808,0.2041
2310,0.9807,0.1898
2311,0.9811,0.2677
2312,0.9807,0.3643
2313,0.9808,0.3671
2314,0.9810,0.1416
2315,0.9810,0.2442
2316,0.9808,0.1006
2317,0.9811,0.4265
2318,0.9808,0.3683
2319,0.9808,0.1018
2320,0.9810,0.3281
2321,0.9811,0.1789
2322,0.9807,0.3412
2323,0.9809,0.3319
2324,0.9812,0.2692
2325,0.9809,0.1888
2326,0.9808,0.3486
2327,0.9809,0.4073
2328,0.9813,0.1559
2329,0.9810,0.2360
2330,0.9812,0.2511
2331,0.9811,0.3098
2332,0.9808,0.2684
2333,0.9810,0.3310
2334,0.9809,0.1130
2335,0.9810,0.2482
2336,0.9810,0.3006
2337,0.9809,0.3907
2338,0.9810,0.4366
2339,0.9813,0.3202
2340,0.9812,0.1800
2341,0.9811,0.3857
2342,0.9811,0.2443
2343,0.9811,0.3496
2344,0.9814,0.2009
2345,0.9809,0.3201
2346,0.9809,0.3231
2347,0.9810,0.3079
2348,0.9812,0.3281
2349,0.9810,0.3694
2350,0.9809,0.1512
2351,0.9813,0.1761
2352,0.9813,0.2118
2353,0.9812,0.1534
2354,0.9810,0.2200
2355,0.9811,0.3900
2356,0.9812,0.1888
2357,0.9813,0.1448
2358,0.9812,0.2921
2359,0.9813,0.1449
2360,0.9814,0.1675
2361,0.9814,0.1811
2362,0.9815,0.3030
2363,0.9813,0.2591
2364,0.9811,0.3272
2365,0.9814,0.3947
2366,0.9811,0.2953
2367,0.9812,0.2447
2368,0.9813,0.1718
2369,0.9813,0.1953
2370,0.9812,0.2617
2371,0.9814,0.3124
2372,0.9815,0.2605
2373,0.9813,0.2711
2374,0.9814,0.2016
2375,0.9813,0.3035
2376,0.9815,0.2925
2377,0.9814,0.1125
2378,0.9813,0.2543
2379,0.9816,0.1868
2380,0.9817,0.2883
2381,0.9814,0.2090
2382,0.9814,0.3165
2383,0.9815,0.3445
2384,0.9814,0.2919
2385,0.9816,0.1611
2386,0.9815,0.2030
2387,0.9815,0.2509
2388,0.9816,0.3855
2389,0.9816,0.3062
2390,0.9816,0.2174
2391,0.9815,0.3152
2392,0.9816,0.3713
2393,0.9815,0.2559
2394,0.9815,0.2134
2395,0.9816,0.2666
2396,0.9816,0.2482
2397,0.9817,0.1760
2398,0.9816,0.2287
2399,0.9815,0.2130
2400,0.9817,0.3167
2401,0.9814,0.2661
2402,0.9816,0.2598
2403,0.9816,0.2013
2404,0.9815,0.2309
2405,0.9816,0.1010
2406,0.9817,0.1952
2407,0.9817,0.3917
2408,0.9817,0.2391
2409,0.9815,0.2192
2410,0.9814,0.2437
2411,0.9817,0.2479
2412,0.9816,0.2638
2413,0.9815,0.1936
2414,0.9812,0.2852
2415,0.9812,0.3546
2416,0.9814,0.3093
2417,0.9817,0.1844
2418,0.9816,0.1716
2419,0.9815,0.1694
2420,0.9817,0.2473
2421,0.9820,0.3408
2422,0.9817,0.2214
2423,0.9817,0.2948
2424,0.9819,0.1648
2425,0.9820,0.2761
2426,0.9819,0.2380
2427,0.9819,0.3009
2428,0.9816,0.1272
2429,0.9818,0.0906
2430,0.9816,0.1935
2431,0.9819,0.1378
2432,0.9822,0.1486
2433,0.9819,0.2549
2434,0.9817,0.2092
2435,0.9819,0.1556
2436,0.9819,0.3301
2437,0.9820,0.2706
2438,0.9820,0.3566
2439,0.9819,0.3128
2440,0.9818,0.1758
2441,0.9817,0.2989
2442,0.9819,0.2947
2443,0.9818,0.3405
2444,0.9819,0.3446
2445,0.9819,0.2352
2446,0.9820,0.3085
2447,0.9819,0.2604
2448,0.9816,0.4215
2449,0.9817,0.2748
2450,0.9820,0.2482
2451,0.9819,0.2333
2452,0.9820,0.2277
2453,0.9821,0.3161
2454,0.9820,0.2444
2455,0.9819,0.2240
2456,0.9821,0.1634
2457,0.9821,0.3576
2458,0.9819,0.1859
2459,0.9820,0.3006
2460,0.9821,0.2718
2461,0.9819,0.2342
2462,0.9820,0.1881
2463,0.9818,0.1440
2464,0.9823,0.2575
2465,0.9819,0.3412
2466,0.9821,0.2758
2467,0.9821,0.4043
2468,0.9819,0.2466
2469,0.9824,0.2998
2470,0.9820,0.2556
2471,0.9821,0.2297
2472,0.9822,0.2300
2473,0.9822,0.1457
2474,0.9823,0.1306
2475,0.9820,0.2549
2476,0.9821,0.4168
2477,0.9822,0.2882
2478,0.9823,0.3581
2479,0.9821,0.2781
2480,0.9821,0.3400
2481,0.9822,0.3603
2482,0.9822,0.2627
2483,0.9820,0.2594
2484,0.9823,0.1509
2485,0.9822,0.3058
2486,0.9823,0.1787
2487,0.9824,0.3271
2488,0.9822,0.1989
2489,0.9822,0.3580
2490,0.9822,0.3383
2491,0.9820,0.1980
2492,0.9824,0.2157
2493,0.9822,0.2959
2494,0.9823,0.1819
2495,0.9823,0.3499
2496,0.9824,0.2289
2497,0.9825,0.3152
2498,0.9822,0.2918
2499,0.9823,0.3021
2500,0.9824,0.2879
2501,0.9823,0.3432
2502,0.9826,0.2121
2503,0.9822,0.1539
2504,0.9823,0.3516
2505,0.9823,0.1262
2506,0.9826,0.3319
2507,0.9825,0.1610
2508,0.9825,0.3199
2509,0.9824,0.1594
2510,0.9824,0.2532
2511,0.9826,0.3700
2512,0.9823,0.3733
2513,0.9824,0.3841
2514,0.9824,0.2215
2515,0.9824,0.1943
2516,0.9825,0.2476
2517,0.9824,0.2786
2518,0.9825,0.2960
2519,0.9827,0.2280
2520,0.9826,0.2416
2521,0.9825,0.2778
2522,0.9824,0.2325
2523,0.9825,0.3316
2524,0.9825,0.2526
2525,0.9825,0.3205
2526,0.9825,0.3470
2527,0.9827,0.1725
2528,0.9828,0.3488
2529,0.9825,0.2366
2530,0.9824,0.3816
2531,0.9823,0.2381
2532,0.9826,0.1126
2533,0.9824,0.2956
2534,0.9822,0.1832
2535,0.9825,0.3667
2536,0.9827,0.2890
2537,0.9827,0.3414
2538,0.9826,0.2645
2539,0.9825,0.1464
2540,0.9828,0.2378
2541,0.9829,0.3485
2542,0.9825,0.2700
2543,0.9824,0.2237
2544,0.9825,0.2395
2545,0.9827,0.3560
2546,0.9827,0.3148
2547,0.9825,0.3434
2548,0.9826,0.1118
2549,0.9827,0.3150
2550,0.9826,0.2218
2551,0.9828,0.1785
2552,0.9828,0.3176
2553,0.9824,0.2221
2554,0.9826,0.2063
2555,0.9824,0.2369
2556,0.9827,0.3936
2557,0.9830,0.1587
2558,0.9827,0.2775
2559,0.9827,0.2236
2560,0.9826,0.2358
2561,0.9827,0.3348
2562,0.9829,0.2144
2563,0.9827,0.1781
2564,0.9826,0.2997
2565,0.9829,0.2818
2566,0.9826,0.4051
2567,0.9829,0.1528
2568,0.9828,0.1717
2569,0.9829,0.2446
2570,0.9828,0.3207
2571,0.9828,0.2499
2572,0.9829,0.1763
2573,0.9828,0.2332
2574,0.9828,0.1716
2575,0.9828,0.1873
2576,0.9827,0.2789
2577,0.9830,0.2057
2578,0.9827,0.2316
2579,0.9827,0.2926
2580,0.9827,0.1304
2581,0.9829,0.4020
2582,0.9830,0.2589
2583,0.9828,0.2312
2584,0.9828,0.3181
2585,0.9828,0.3130
2586,0.9830,0.1574
2587,0.9829,0.2815
2588,0.9828,0.2244
2589,0.9828,0.2204
2590,0.9831,0.3635
2591,0.9831,0.1586
2592,0.9828,0.3172
2593,0.9829,0.2029
2594,0.9830,0.1983
2595,0.9829,0.2936
2596,0.9830,0.3014
2597,0.9830,0.2022
2598,0.9830,0.3846
2599,0.9830,0.3073
2600,0.9830,0.4405
2601,0.9828,0.3161
2602,0.9829,0.1389
2603,0.9827,0.3072
2604,0.9829,0.2692
2605,0.9832,0.2316
2606,0.9829,0.1423
2607,0.9833,0.2212
2608,0.9829,0.2483
2609,0.9830,0.2485
2610,0.9831,0.1464
2611,0.9830,0.1110
2612,0.9829,0.3082
2613,0.9830,0.2400
2614,0.9830,0.3193
2615,0.9831,0.3211
2616,0.9830,0.2221
2617,0.9830,0.2658
2618,0.9830,0.2122
2619,0.9832,0.2953
2620,0.9830,0.3676
2621,0.9833,0.3877
2622,0.9831,0.1185
2623,0.9830,0.3667
2624,0.9832,0.2942
2625,0.9834,0.1865
2626,0.9830,0.2007
2627,0.9832,0.3018
2628,0.9830,0.2129
2629,0.9834,0.2406
2630,0.9833,0.2432
2631,0.9832,0.2778
2632,0.9829,0.2060
2633,0.9831,0.2083
2634,0.9833,0.1167
2635,0.9833,0.1572
2636,0.9831,0.3765
2637,0.9832,0.2315
2638,0.9832,0.3699
2639,0.9832,0.1847
2640,0.9834,0.3021
2641,0.9835,0.3965
2642,0.9833,0.3358
2643,0.9832,0.2493
2644,0.9833,0.2769
2645,0.9832,0.3187
2646,0.9835,0.2759
2647,0.9836,0.2415
2648,0.9833,0.2556
2649,0.9833,0.2819
2650,0.9834,0.2184
2651,0.9833,0.2267
2652,0.9833,0.2708
2653,0.9833,0.2212
2654,0.9835,0.1070
2655,0.9833,0.2080
2656,0.9834,0.2688
2657,0.9835,0.2303
2658,0.9833,0.2195
2659,0.9835,0.2447
2660,0.9834,0.3640
2661,0.9834,0.2301
2662,0.9834,0.2910
2663,0.9831,0.1644
2664,0.9833,0.1763
2665,0.9835,0.2929
2666,0.9835,0.3371
2667,0.9835,0.1259
2668,0.9834,0.2900
2669,0.9833,0.3890
2670,0.9834,0.3669
2671,0.9834,0.1763
2672,0.9835,0.3086
2673,0.9834,0.1629
2674,0.9836,0.2973
2675,0.9835,0.1276
2676,0.9835,0.3561
2677,0.9834,0.2434
2678,0.9831,0.2578
2679,0.9834,0.2965
2680,0.9835,0.2838
2681,0.9834,0.2976
2682,0.9837,0.3646
2683,0.9834,0.2202
2684,0.9837,0.2595
2685,0.9835,0.2771
2686,0.9837,0.1953
2687,0.9835,0.3776
2688,0.9835,0.2878
2689,0.9837,0.3379
2690,0.9836,0.2999
2691,0.9836,0.3911
2692,0.9834,0.2308
2693,0.9838,0.2502
2694,0.9837,0.1982
2695,0.9835,0.2246
2696,0.9834,0.3706
2697,0.9836,0.2295
2698,0.9835,0.3556
2699,0.9839,0.2389
2700,0.9836,0.2205
2701,0.9838,0.2050
2702,0.9838,0.2343
2703,0.9835,0.2969
2704,0.9837,0.2210
2705,0.9834,0.2149
2706,0.9837,0.3167
2707,0.9836,0.4266
2708,0.9837,0.1961
2709,0.9838,0.3317
2710,0.9836,0.2911
2711,0.9839,0.1856
2712,0.9837,0.2576
2713,0.9837,0.2594
2714,0.9836,0.3294
2715,0.9837,0.2824
2716,0.9836,0.1575
2717,0.9838,0.1318
2718,0.9839,0.2226
2719,0.9834,0.1693
2720,0.9833,0.1352
2721,0.9838,0.4125
2722,0.9837,0.1151
2723,0.9837,0.1586
2724,0.9838,0.2408
2725,0.9837,0.3117
2726,0.9837,0.3061
2727,0.9839,0.1606
2728,0.9837,0.2660
2729,0.9837,0.3076
2730,0.9836,0.1216
2731,0.9838,0.3811
2732,0.9836,0.2755
2733,0.9836,0.4070
2734,0.9838,0.2765
2735,0.9836,0.3234
2736,0.9839,0.2664
2737,0.9837,0.2212
2738,0.9837,0.1509
2739,0.9838,0.2291
2740,0.9840,0.3302
2741,0.9839,0.2364
2742,0.9837,0.1693
2743,0.9837,0.3402
2744,0.9840,0.3808
2745,0.9839,0.2256
2746,0.9838,0.1296
2747,0.9836,0.2187
2748,0.9836,0.3862
2749,0.9840,0.2736
2750,0.9840,0.2776
2751,0.9840,0.3558
2752,0.9842,0.2912
2753,0.9841,0.2796
2754,0.9839,0.2684
2755,0.9840,0.1078
2756,0.9839,0.3655
2757,0.9837,0.4346
2758,0.9840,0.1568
2759,0.9840,0.4513
2760,0.9841,0.2155
2761,0.9838,0.3898
2762,0.9840,0.2570
2763,0.9841,0.1918
2764,0.9839,0.2730
2765,0.9840,0.3057
2766,0.9840,0.3992
2767,0.9841,0.1464
2768,0.9842,0.2244
2769,0.9841,0.1787
2770,0.9840,0.1650
2771,0.9840,0.3284
2772,0.9843,0.3194
2773,0.9840,0.1958
2774,0.9841,0.1780
2775,0.9842,0.2239
2776,0.9841,0.2000
2777,0.9841,0.2756
2778,0.9840,0.3737
2779,0.9842,0.2607
2780,0.9841,0.3268
2781,0.9838,0.1231
2782,0.9839,0.3325
2783,0.9840,0.2464
2784,0.9841,0.2630
2785,0.9843,0.2612
2786,0.9841,0.3569
2787,0.9840,0.2321
2788,0.9842,0.2278
2789,0.9842,0.1760
2790,0.9840,0.3305
2791,0.9843,0.3360
2792,0.9840,0.3509
2793,0.9841,0.2278
2794,0.9841,0.2846
2795,0.9842,0.2948
2796,0.9844,0.2181
2797,0.9843,0.2826
2798,0.9840,0.3649
2799,0.9842,0.2709
2800,0.9841,0.3238
2801,0.9842,0.2783
2802,0.9842,0.1748
2803,0.9841,0.1972
2804,0.9842,0.1813
2805,0.9844,0.3161
2806,0.9844,0.3845
2807,0.9842,0.1793
2808,0.9840,0.3087
2809,0.9842,0.2268
2810,0.9843,0.2165
2811,0.9843,0.2966
2812,0.9841,0.1854
2813,0.9840,0.2629
2814,0.9842,0.2743
2815,0.9843,0.3197
2816,0.9844,0.3289
2817,0.9842,0.2170
2818,0.9842,0.2735
2819,0.9845,0.3117
2820,0.9843,0.2924
2821,0.9844,0.2349
2822,0.9844,0.2585
2823,0.9845,0.1996
2824,0.9840,0.2750
2825,0.9841,0.1749
2826,0.9842,0.2090
2827,0.9843,0.1514
2828,0.9847,0.3466
2829,0.9843,0.3089
2830,0.9842,0.1894
2831,0.9842,0.2596
2832,0.9842,0.1773
2833,0.9845,0.1966
2834,0.9843,0.1361
2835,0.9843,0.2548
2836,0.9844,0.2979
2837,0.9844,0.2312
2838,0.9844,0.2131
2839,0.9844,0.2485
2840,0.9846,0.2793
2841,0.9844,0.3450
2842,0.9844,0.1627
2843,0.9844,0.2341
2844,0.9844,0.2261
2845,0.9846,0.3518
2846,0.9844,0.4636
2847,0.9845,0.4098
2848,0.9846,0.2025
2849,0.9845,0.3782
2850,0.9843,0.2470
2851,0.9845,0.3070
2852,0.9845,0.2547
2853,0.9846,0.2659
2854,0.9845,0.2749
2855,0.9846,0.3083
2856,0.9844,0.1958
2857,0.9844,0.1772
2858,0.9846,0.3358
2859,0.9844,0.3611
2860,0.9843,0.1398
2861,0.9845,0.3157
2862,0.9845,0.1855
2863,0.9845,0.2624
2864,0.9846,0.3757
2865,0.9847,0.1644
2866,0.9847,0.4587
2867,0.9842,0.4379
2868,0.9844,0.1115
2869,0.9844,0.3486
2870,0.9846,0.2452
2871,0.9846,0.3836
2872,0.9845,0.2183
2873,0.9847,0.1135
2874,0.9845,0.2653
2875,0.9844,0.1982
2876,0.9846,0.2861
2877,0.9846,0.2393
2878,0.9846,0.1473
2879,0.9846,0.1975
2880,0.9846,0.2948
2881,0.9847,0.2206
2882,0.9847,0.3216
2883,0.9846,0.2807
2884,0.9849,0.2196
2885,0.9848,0.2610
2886,0.9845,0.2448
2887,0.9845,0.2836
2888,0.9848,0.3272
2889,0.9845,0.2187
2890,0.9847,0.3450
2891,0.9847,0.2497
2892,0.9846,0.1675
2893,0.9846,0.2569
2894,0.9845,0.2663
2895,0.9846,0.2819
2896,0.9846,0.1940
2897,0.9847,0.4031
2898,0.9850,0.1731
2899,0.9849,0.1898
2900,0.9847,0.1980
2901,0.9847,0.2199
2902,0.9847,0.1917
2903,0.9846,0.2672
2904,0.9846,0.2142
2905,0.9848,0.1620
2906,0.9849,0.3504
2907,0.9849,0.3314
2908,0.9849,0.2618
2909,0.9848,0.1753
2910,0.9850,0.3336
2911,0.9850,0.2876
2912,0.9848,0.2993
2913,0.9846,0.3558
2914,0.9846,0.1273
2915,0.9847,0.3421
2916,0.9848,0.0435
2917,0.9849,0.2909
2918,0.9848,0.1479
2919,0.9849,0.3406
2920,0.9847,0.3411
2921,0.9851,0.1890
2922,0.9847,0.1600
2923,0.9849,0.2645
2924,0.9850,0.2124
2925,0.9850,0.3647
2926,0.9848,0.3012
2927,0.9848,0.2523
2928,0.9849,0.3039
2929,0.9850,0.1463
2930,0.9849,0.1349
2931,0.9851,0.2166
2932,0.9850,0.1654
2933,0.9850,0.2545
2934,0.9851,0.2352
2935,0.9850,0.2087
2936,0.9849,0.1648
2937,0.9848,0.2733
2938,0.9849,0.1878
2939,0.9850,0.3279
2940,0.9849,0.2051
2941,0.9849,0.3096
2942,0.9850,0.1719
2943,0.9850,0.1935
2944,0.9849,0.1675
2945,0.9850,0.1775
2946,0.9850,0.2888
2947,0.9850,0.1969
2948,0.9852,0.1249
2949,0.9851,0.2715
2950,0.9850,0.1916
2951,0.9847,0.2370
2952,0.9850,0.2707
2953,0.9849,0.2943
2954,0.9846,0.2679
2955,0.9849,0.1704
2956,0.9852,0.3406
2957,0.9852,0.1515
2958,0.9851,0.2209
2959,0.9849,0.1478
2960,0.9851,0.4308
2961,0.9850,0.1772
2962,0.9849,0.1970
2963,0.9849,0.3538
2964,0.9851,0.1709
2965,0.9848,0.2596
2966,0.9849,0.3747
2967,0.9851,0.2822
2968,0.9848,0.3113
2969,0.9849,0.2194
2970,0.9851,0.4154
2971,0.9853,0.2728
2972,0.9852,0.1659
2973,0.9850,0.2140
2974,0.9850,0.3666
2975,0.9850,0.3578
2976,0.9848,0.1616
2977,0.9851,0.2263
2978,0.9852,0.1874
2979,0.9853,0.2695
2980,0.9853,0.3756
2981,0.9853,0.2418
2982,0.9853,0.3044
2983,0.9852,0.3600
2984,0.9852,0.3585
2985,0.9852,0.2626
2986,0.9849,0.4381
2987,0.9849,0.1625
2988,0.9852,0.2115
2989,0.9853,0.2333
2990,0.9851,0.3393
2991,0.9853,0.1783
2992,0.9853,0.2880
2993,0.9852,0.2228
2994,0.9854,0.2422
2995,0.9855,0.1222
2996,0.9855,0.2828
2997,0.9852,0.2709
2998,0.9853,0.2848
2999,0.9850,0.2012
